 Total Production Rate:  7.212E+03

           560.984   568.474   574.001   665.616
     2.00 2.043E+03 2.043E+03 2.043E+03 1.082E+03

           560.984   568.474   574.001   665.616
  2998.00 0.000E+00 0.000E+00 0.000E+00 0.000E+00
  2996.00 0.000E+00 0.000E+00 0.000E+00 0.000E+00
  2994.00 0.000E+00 0.000E+00 0.000E+00 0.000E+00
  2992.00 0.000E+00 0.000E+00 0.000E+00 0.000E+00
  2990.00 0.000E+00 0.000E+00 0.000E+00 0.000E+00
  2988.00 0.000E+00 0.000E+00 0.000E+00 0.000E+00
  2986.00 0.000E+00 0.000E+00 0.000E+00 0.000E+00
  2984.00 0.000E+00 0.000E+00 0.000E+00 0.000E+00
  2982.00 0.000E+00 0.000E+00 0.000E+00 0.000E+00
  2980.00 0.000E+00 0.000E+00 0.000E+00 0.000E+00
  2978.00 0.000E+00 0.000E+00 0.000E+00 0.000E+00
  2976.00 0.000E+00 0.000E+00 0.000E+00 0.000E+00
  2974.00 0.000E+00 0.000E+00 0.000E+00 0.000E+00
  2972.00 0.000E+00 0.000E+00 0.000E+00 0.000E+00
  2970.00 0.000E+00 0.000E+00 0.000E+00 0.000E+00
  2968.00 0.000E+00 0.000E+00 0.000E+00 0.000E+00
  2966.00 0.000E+00 0.000E+00 0.000E+00 0.000E+00
  2964.00 0.000E+00 0.000E+00 0.000E+00 0.000E+00
  2962.00 0.000E+00 0.000E+00 0.000E+00 0.000E+00
  2960.00 0.000E+00 0.000E+00 0.000E+00 0.000E+00
  2958.00 0.000E+00 0.000E+00 0.000E+00 0.000E+00
  2956.00 0.000E+00 0.000E+00 0.000E+00 0.000E+00
  2954.00 0.000E+00 0.000E+00 0.000E+00 0.000E+00
  2952.00 0.000E+00 0.000E+00 0.000E+00 0.000E+00
  2950.00 0.000E+00 0.000E+00 0.000E+00 0.000E+00
  2948.00 0.000E+00 0.000E+00 0.000E+00 0.000E+00
  2946.00 0.000E+00 0.000E+00 0.000E+00 0.000E+00
  2944.00 0.000E+00 0.000E+00 0.000E+00 0.000E+00
  2942.00 0.000E+00 0.000E+00 0.000E+00 0.000E+00
  2940.00 0.000E+00 0.000E+00 0.000E+00 0.000E+00
  2938.00 0.000E+00 0.000E+00 0.000E+00 0.000E+00
  2936.00 0.000E+00 0.000E+00 0.000E+00 0.000E+00
  2934.00 0.000E+00 0.000E+00 0.000E+00 0.000E+00
  2932.00 0.000E+00 0.000E+00 0.000E+00 0.000E+00
  2930.00 0.000E+00 0.000E+00 0.000E+00 0.000E+00
  2928.00 0.000E+00 0.000E+00 0.000E+00 0.000E+00
  2926.00 0.000E+00 0.000E+00 0.000E+00 0.000E+00
  2924.00 0.000E+00 0.000E+00 0.000E+00 0.000E+00
  2922.00 0.000E+00 0.000E+00 0.000E+00 0.000E+00
  2920.00 0.000E+00 0.000E+00 0.000E+00 0.000E+00
  2918.00 0.000E+00 0.000E+00 0.000E+00 0.000E+00
  2916.00 0.000E+00 0.000E+00 0.000E+00 0.000E+00
  2914.00 0.000E+00 0.000E+00 0.000E+00 0.000E+00
  2912.00 0.000E+00 0.000E+00 0.000E+00 0.000E+00
  2910.00 0.000E+00 0.000E+00 0.000E+00 0.000E+00
  2908.00 0.000E+00 0.000E+00 0.000E+00 0.000E+00
  2906.00 0.000E+00 0.000E+00 0.000E+00 0.000E+00
  2904.00 0.000E+00 0.000E+00 0.000E+00 0.000E+00
  2902.00 0.000E+00 0.000E+00 0.000E+00 0.000E+00
  2900.00 0.000E+00 0.000E+00 0.000E+00 0.000E+00
  2898.00 0.000E+00 0.000E+00 0.000E+00 0.000E+00
  2896.00 0.000E+00 0.000E+00 0.000E+00 0.000E+00
  2894.00 0.000E+00 0.000E+00 0.000E+00 0.000E+00
  2892.00 0.000E+00 0.000E+00 0.000E+00 0.000E+00
  2890.00 0.000E+00 0.000E+00 0.000E+00 0.000E+00
  2888.00 0.000E+00 0.000E+00 0.000E+00 0.000E+00
  2886.00 0.000E+00 0.000E+00 0.000E+00 0.000E+00
  2884.00 0.000E+00 0.000E+00 0.000E+00 0.000E+00
  2882.00 0.000E+00 0.000E+00 0.000E+00 0.000E+00
  2880.00 0.000E+00 0.000E+00 0.000E+00 0.000E+00
  2878.00 0.000E+00 0.000E+00 0.000E+00 0.000E+00
  2876.00 0.000E+00 0.000E+00 0.000E+00 0.000E+00
  2874.00 0.000E+00 0.000E+00 0.000E+00 0.000E+00
  2872.00 0.000E+00 0.000E+00 0.000E+00 0.000E+00
  2870.00 0.000E+00 0.000E+00 0.000E+00 0.000E+00
  2868.00 0.000E+00 0.000E+00 0.000E+00 0.000E+00
  2866.00 0.000E+00 0.000E+00 0.000E+00 0.000E+00
  2864.00 0.000E+00 0.000E+00 0.000E+00 0.000E+00
  2862.00 0.000E+00 0.000E+00 0.000E+00 0.000E+00
  2860.00 0.000E+00 0.000E+00 0.000E+00 0.000E+00
  2858.00 0.000E+00 0.000E+00 0.000E+00 0.000E+00
  2856.00 0.000E+00 0.000E+00 0.000E+00 0.000E+00
  2854.00 0.000E+00 0.000E+00 0.000E+00 0.000E+00
  2852.00 0.000E+00 0.000E+00 0.000E+00 0.000E+00
  2850.00 0.000E+00 0.000E+00 0.000E+00 0.000E+00
  2848.00 0.000E+00 0.000E+00 0.000E+00 0.000E+00
  2846.00 0.000E+00 0.000E+00 0.000E+00 0.000E+00
  2844.00 0.000E+00 0.000E+00 0.000E+00 0.000E+00
  2842.00 0.000E+00 0.000E+00 0.000E+00 0.000E+00
  2840.00 0.000E+00 0.000E+00 0.000E+00 0.000E+00
  2838.00 0.000E+00 0.000E+00 0.000E+00 0.000E+00
  2836.00 0.000E+00 0.000E+00 0.000E+00 0.000E+00
  2834.00 0.000E+00 0.000E+00 0.000E+00 0.000E+00
  2832.00 0.000E+00 0.000E+00 0.000E+00 0.000E+00
  2830.00 0.000E+00 0.000E+00 0.000E+00 0.000E+00
  2828.00 0.000E+00 0.000E+00 0.000E+00 0.000E+00
  2826.00 0.000E+00 0.000E+00 0.000E+00 0.000E+00
  2824.00 0.000E+00 0.000E+00 0.000E+00 0.000E+00
  2822.00 0.000E+00 0.000E+00 0.000E+00 0.000E+00
  2820.00 0.000E+00 0.000E+00 0.000E+00 0.000E+00
  2818.00 0.000E+00 0.000E+00 0.000E+00 0.000E+00
  2816.00 0.000E+00 0.000E+00 0.000E+00 0.000E+00
  2814.00 0.000E+00 0.000E+00 0.000E+00 0.000E+00
  2812.00 0.000E+00 0.000E+00 0.000E+00 0.000E+00
  2810.00 0.000E+00 0.000E+00 0.000E+00 0.000E+00
  2808.00 0.000E+00 0.000E+00 0.000E+00 0.000E+00
  2806.00 0.000E+00 0.000E+00 0.000E+00 0.000E+00
  2804.00 0.000E+00 0.000E+00 0.000E+00 0.000E+00
  2802.00 0.000E+00 0.000E+00 0.000E+00 0.000E+00
  2800.00 0.000E+00 0.000E+00 0.000E+00 0.000E+00
  2798.00 0.000E+00 0.000E+00 0.000E+00 0.000E+00
  2796.00 0.000E+00 0.000E+00 0.000E+00 0.000E+00
  2794.00 0.000E+00 0.000E+00 0.000E+00 0.000E+00
  2792.00 0.000E+00 0.000E+00 0.000E+00 0.000E+00
  2790.00 0.000E+00 0.000E+00 0.000E+00 0.000E+00
  2788.00 0.000E+00 0.000E+00 0.000E+00 0.000E+00
  2786.00 0.000E+00 0.000E+00 0.000E+00 0.000E+00
  2784.00 0.000E+00 0.000E+00 0.000E+00 0.000E+00
  2782.00 0.000E+00 0.000E+00 0.000E+00 0.000E+00
  2780.00 0.000E+00 0.000E+00 0.000E+00 0.000E+00
  2778.00 0.000E+00 0.000E+00 0.000E+00 0.000E+00
  2776.00 0.000E+00 0.000E+00 0.000E+00 0.000E+00
  2774.00 0.000E+00 0.000E+00 0.000E+00 0.000E+00
  2772.00 0.000E+00 0.000E+00 0.000E+00 0.000E+00
  2770.00 0.000E+00 0.000E+00 0.000E+00 0.000E+00
  2768.00 0.000E+00 0.000E+00 0.000E+00 0.000E+00
  2766.00 0.000E+00 0.000E+00 0.000E+00 0.000E+00
  2764.00 0.000E+00 0.000E+00 0.000E+00 0.000E+00
  2762.00 0.000E+00 0.000E+00 0.000E+00 0.000E+00
  2760.00 0.000E+00 0.000E+00 0.000E+00 0.000E+00
  2758.00 0.000E+00 0.000E+00 0.000E+00 0.000E+00
  2756.00 0.000E+00 0.000E+00 0.000E+00 0.000E+00
  2754.00 0.000E+00 0.000E+00 0.000E+00 0.000E+00
  2752.00 0.000E+00 0.000E+00 0.000E+00 0.000E+00
  2750.00 0.000E+00 0.000E+00 0.000E+00 0.000E+00
  2748.00 0.000E+00 0.000E+00 0.000E+00 0.000E+00
  2746.00 0.000E+00 0.000E+00 0.000E+00 0.000E+00
  2744.00 0.000E+00 0.000E+00 0.000E+00 0.000E+00
  2742.00 0.000E+00 0.000E+00 0.000E+00 0.000E+00
  2740.00 0.000E+00 0.000E+00 0.000E+00 0.000E+00
  2738.00 0.000E+00 0.000E+00 0.000E+00 0.000E+00
  2736.00 0.000E+00 0.000E+00 0.000E+00 0.000E+00
  2734.00 0.000E+00 0.000E+00 0.000E+00 0.000E+00
  2732.00 0.000E+00 0.000E+00 0.000E+00 0.000E+00
  2730.00 0.000E+00 0.000E+00 0.000E+00 0.000E+00
  2728.00 0.000E+00 0.000E+00 0.000E+00 0.000E+00
  2726.00 0.000E+00 0.000E+00 0.000E+00 0.000E+00
  2724.00 0.000E+00 0.000E+00 0.000E+00 0.000E+00
  2722.00 0.000E+00 0.000E+00 0.000E+00 0.000E+00
  2720.00 0.000E+00 0.000E+00 0.000E+00 0.000E+00
  2718.00 0.000E+00 0.000E+00 0.000E+00 0.000E+00
  2716.00 0.000E+00 0.000E+00 0.000E+00 0.000E+00
  2714.00 0.000E+00 0.000E+00 0.000E+00 0.000E+00
  2712.00 0.000E+00 0.000E+00 0.000E+00 0.000E+00
  2710.00 0.000E+00 0.000E+00 0.000E+00 0.000E+00
  2708.00 0.000E+00 0.000E+00 0.000E+00 0.000E+00
  2706.00 0.000E+00 0.000E+00 0.000E+00 0.000E+00
  2704.00 0.000E+00 0.000E+00 0.000E+00 0.000E+00
  2702.00 0.000E+00 0.000E+00 0.000E+00 0.000E+00
  2700.00 0.000E+00 0.000E+00 0.000E+00 0.000E+00
  2698.00 0.000E+00 0.000E+00 0.000E+00 0.000E+00
  2696.00 0.000E+00 0.000E+00 0.000E+00 0.000E+00
  2694.00 0.000E+00 0.000E+00 0.000E+00 0.000E+00
  2692.00 0.000E+00 0.000E+00 0.000E+00 0.000E+00
  2690.00 0.000E+00 0.000E+00 0.000E+00 0.000E+00
  2688.00 0.000E+00 0.000E+00 0.000E+00 0.000E+00
  2686.00 0.000E+00 0.000E+00 0.000E+00 0.000E+00
  2684.00 0.000E+00 0.000E+00 0.000E+00 0.000E+00
  2682.00 0.000E+00 0.000E+00 0.000E+00 0.000E+00
  2680.00 0.000E+00 0.000E+00 0.000E+00 0.000E+00
  2678.00 0.000E+00 0.000E+00 0.000E+00 0.000E+00
  2676.00 0.000E+00 0.000E+00 0.000E+00 0.000E+00
  2674.00 0.000E+00 0.000E+00 0.000E+00 0.000E+00
  2672.00 0.000E+00 0.000E+00 0.000E+00 0.000E+00
  2670.00 0.000E+00 0.000E+00 0.000E+00 0.000E+00
  2668.00 0.000E+00 0.000E+00 0.000E+00 0.000E+00
  2666.00 0.000E+00 0.000E+00 0.000E+00 0.000E+00
  2664.00 0.000E+00 0.000E+00 0.000E+00 0.000E+00
  2662.00 0.000E+00 0.000E+00 0.000E+00 0.000E+00
  2660.00 0.000E+00 0.000E+00 0.000E+00 0.000E+00
  2658.00 0.000E+00 0.000E+00 0.000E+00 0.000E+00
  2656.00 0.000E+00 0.000E+00 0.000E+00 0.000E+00
  2654.00 0.000E+00 0.000E+00 0.000E+00 0.000E+00
  2652.00 0.000E+00 0.000E+00 0.000E+00 0.000E+00
  2650.00 0.000E+00 0.000E+00 0.000E+00 0.000E+00
  2648.00 0.000E+00 0.000E+00 0.000E+00 0.000E+00
  2646.00 0.000E+00 0.000E+00 0.000E+00 0.000E+00
  2644.00 0.000E+00 0.000E+00 0.000E+00 0.000E+00
  2642.00 0.000E+00 0.000E+00 0.000E+00 0.000E+00
  2640.00 0.000E+00 0.000E+00 0.000E+00 0.000E+00
  2638.00 0.000E+00 0.000E+00 0.000E+00 0.000E+00
  2636.00 0.000E+00 0.000E+00 0.000E+00 0.000E+00
  2634.00 0.000E+00 0.000E+00 0.000E+00 0.000E+00
  2632.00 0.000E+00 0.000E+00 0.000E+00 0.000E+00
  2630.00 0.000E+00 0.000E+00 0.000E+00 0.000E+00
  2628.00 0.000E+00 0.000E+00 0.000E+00 0.000E+00
  2626.00 0.000E+00 0.000E+00 0.000E+00 0.000E+00
  2624.00 0.000E+00 0.000E+00 0.000E+00 0.000E+00
  2622.00 0.000E+00 0.000E+00 0.000E+00 0.000E+00
  2620.00 0.000E+00 0.000E+00 0.000E+00 0.000E+00
  2618.00 0.000E+00 0.000E+00 0.000E+00 0.000E+00
  2616.00 0.000E+00 0.000E+00 0.000E+00 0.000E+00
  2614.00 0.000E+00 0.000E+00 0.000E+00 0.000E+00
  2612.00 0.000E+00 0.000E+00 0.000E+00 0.000E+00
  2610.00 0.000E+00 0.000E+00 0.000E+00 0.000E+00
  2608.00 0.000E+00 0.000E+00 0.000E+00 0.000E+00
  2606.00 0.000E+00 0.000E+00 0.000E+00 0.000E+00
  2604.00 0.000E+00 0.000E+00 0.000E+00 0.000E+00
  2602.00 0.000E+00 0.000E+00 0.000E+00 0.000E+00
  2600.00 0.000E+00 0.000E+00 0.000E+00 0.000E+00
  2598.00 0.000E+00 0.000E+00 0.000E+00 0.000E+00
  2596.00 0.000E+00 0.000E+00 0.000E+00 0.000E+00
  2594.00 0.000E+00 0.000E+00 0.000E+00 0.000E+00
  2592.00 0.000E+00 0.000E+00 0.000E+00 0.000E+00
  2590.00 0.000E+00 0.000E+00 0.000E+00 0.000E+00
  2588.00 0.000E+00 0.000E+00 0.000E+00 0.000E+00
  2586.00 0.000E+00 0.000E+00 0.000E+00 0.000E+00
  2584.00 0.000E+00 0.000E+00 0.000E+00 0.000E+00
  2582.00 0.000E+00 0.000E+00 0.000E+00 0.000E+00
  2580.00 0.000E+00 0.000E+00 0.000E+00 0.000E+00
  2578.00 0.000E+00 0.000E+00 0.000E+00 0.000E+00
  2576.00 0.000E+00 0.000E+00 0.000E+00 0.000E+00
  2574.00 0.000E+00 0.000E+00 0.000E+00 0.000E+00
  2572.00 0.000E+00 0.000E+00 0.000E+00 0.000E+00
  2570.00 0.000E+00 0.000E+00 0.000E+00 0.000E+00
  2568.00 0.000E+00 0.000E+00 0.000E+00 0.000E+00
  2566.00 0.000E+00 0.000E+00 0.000E+00 0.000E+00
  2564.00 0.000E+00 0.000E+00 0.000E+00 0.000E+00
  2562.00 0.000E+00 0.000E+00 0.000E+00 0.000E+00
  2560.00 0.000E+00 0.000E+00 0.000E+00 0.000E+00
  2558.00 0.000E+00 0.000E+00 0.000E+00 0.000E+00
  2556.00 0.000E+00 0.000E+00 0.000E+00 0.000E+00
  2554.00 0.000E+00 0.000E+00 0.000E+00 0.000E+00
  2552.00 0.000E+00 0.000E+00 0.000E+00 0.000E+00
  2550.00 0.000E+00 0.000E+00 0.000E+00 0.000E+00
  2548.00 0.000E+00 0.000E+00 0.000E+00 0.000E+00
  2546.00 0.000E+00 0.000E+00 0.000E+00 0.000E+00
  2544.00 0.000E+00 0.000E+00 0.000E+00 0.000E+00
  2542.00 0.000E+00 0.000E+00 0.000E+00 0.000E+00
  2540.00 0.000E+00 0.000E+00 0.000E+00 0.000E+00
  2538.00 0.000E+00 0.000E+00 0.000E+00 0.000E+00
  2536.00 0.000E+00 0.000E+00 0.000E+00 0.000E+00
  2534.00 0.000E+00 0.000E+00 0.000E+00 0.000E+00
  2532.00 0.000E+00 0.000E+00 0.000E+00 0.000E+00
  2530.00 0.000E+00 0.000E+00 0.000E+00 0.000E+00
  2528.00 0.000E+00 0.000E+00 0.000E+00 0.000E+00
  2526.00 0.000E+00 0.000E+00 0.000E+00 0.000E+00
  2524.00 0.000E+00 0.000E+00 0.000E+00 0.000E+00
  2522.00 0.000E+00 0.000E+00 0.000E+00 0.000E+00
  2520.00 0.000E+00 0.000E+00 0.000E+00 0.000E+00
  2518.00 0.000E+00 0.000E+00 0.000E+00 0.000E+00
  2516.00 0.000E+00 0.000E+00 0.000E+00 0.000E+00
  2514.00 0.000E+00 0.000E+00 0.000E+00 0.000E+00
  2512.00 0.000E+00 0.000E+00 0.000E+00 0.000E+00
  2510.00 0.000E+00 0.000E+00 0.000E+00 0.000E+00
  2508.00 0.000E+00 0.000E+00 0.000E+00 0.000E+00
  2506.00 0.000E+00 0.000E+00 0.000E+00 0.000E+00
  2504.00 0.000E+00 0.000E+00 0.000E+00 0.000E+00
  2502.00 0.000E+00 0.000E+00 0.000E+00 0.000E+00
  2500.00 0.000E+00 0.000E+00 0.000E+00 0.000E+00
  2498.00 0.000E+00 0.000E+00 0.000E+00 0.000E+00
  2496.00 0.000E+00 0.000E+00 0.000E+00 0.000E+00
  2494.00 0.000E+00 0.000E+00 0.000E+00 0.000E+00
  2492.00 0.000E+00 0.000E+00 0.000E+00 0.000E+00
  2490.00 0.000E+00 0.000E+00 0.000E+00 0.000E+00
  2488.00 0.000E+00 0.000E+00 0.000E+00 0.000E+00
  2486.00 0.000E+00 0.000E+00 0.000E+00 0.000E+00
  2484.00 0.000E+00 0.000E+00 0.000E+00 0.000E+00
  2482.00 0.000E+00 0.000E+00 0.000E+00 0.000E+00
  2480.00 0.000E+00 0.000E+00 0.000E+00 0.000E+00
  2478.00 0.000E+00 0.000E+00 0.000E+00 0.000E+00
  2476.00 0.000E+00 0.000E+00 0.000E+00 0.000E+00
  2474.00 0.000E+00 0.000E+00 0.000E+00 0.000E+00
  2472.00 0.000E+00 0.000E+00 0.000E+00 0.000E+00
  2470.00 0.000E+00 0.000E+00 0.000E+00 0.000E+00
  2468.00 0.000E+00 0.000E+00 0.000E+00 0.000E+00
  2466.00 0.000E+00 0.000E+00 0.000E+00 0.000E+00
  2464.00 0.000E+00 0.000E+00 0.000E+00 0.000E+00
  2462.00 0.000E+00 0.000E+00 0.000E+00 0.000E+00
  2460.00 0.000E+00 0.000E+00 0.000E+00 0.000E+00
  2458.00 0.000E+00 0.000E+00 0.000E+00 0.000E+00
  2456.00 0.000E+00 0.000E+00 0.000E+00 0.000E+00
  2454.00 0.000E+00 0.000E+00 0.000E+00 0.000E+00
  2452.00 0.000E+00 0.000E+00 0.000E+00 0.000E+00
  2450.00 0.000E+00 0.000E+00 0.000E+00 0.000E+00
  2448.00 0.000E+00 0.000E+00 0.000E+00 0.000E+00
  2446.00 0.000E+00 0.000E+00 0.000E+00 0.000E+00
  2444.00 0.000E+00 0.000E+00 0.000E+00 0.000E+00
  2442.00 0.000E+00 0.000E+00 0.000E+00 0.000E+00
  2440.00 0.000E+00 0.000E+00 0.000E+00 0.000E+00
  2438.00 0.000E+00 0.000E+00 0.000E+00 0.000E+00
  2436.00 0.000E+00 0.000E+00 0.000E+00 0.000E+00
  2434.00 0.000E+00 0.000E+00 0.000E+00 0.000E+00
  2432.00 0.000E+00 0.000E+00 0.000E+00 0.000E+00
  2430.00 0.000E+00 0.000E+00 0.000E+00 0.000E+00
  2428.00 0.000E+00 0.000E+00 0.000E+00 0.000E+00
  2426.00 0.000E+00 0.000E+00 0.000E+00 0.000E+00
  2424.00 0.000E+00 0.000E+00 0.000E+00 0.000E+00
  2422.00 0.000E+00 0.000E+00 0.000E+00 0.000E+00
  2420.00 0.000E+00 0.000E+00 0.000E+00 0.000E+00
  2418.00 0.000E+00 0.000E+00 0.000E+00 0.000E+00
  2416.00 0.000E+00 0.000E+00 0.000E+00 0.000E+00
  2414.00 0.000E+00 0.000E+00 0.000E+00 0.000E+00
  2412.00 0.000E+00 0.000E+00 0.000E+00 0.000E+00
  2410.00 0.000E+00 0.000E+00 0.000E+00 0.000E+00
  2408.00 0.000E+00 0.000E+00 0.000E+00 0.000E+00
  2406.00 0.000E+00 0.000E+00 0.000E+00 0.000E+00
  2404.00 0.000E+00 0.000E+00 0.000E+00 0.000E+00
  2402.00 0.000E+00 0.000E+00 0.000E+00 0.000E+00
  2400.00 0.000E+00 0.000E+00 0.000E+00 0.000E+00
  2398.00 0.000E+00 0.000E+00 0.000E+00 0.000E+00
  2396.00 0.000E+00 0.000E+00 0.000E+00 0.000E+00
  2394.00 0.000E+00 0.000E+00 0.000E+00 0.000E+00
  2392.00 0.000E+00 0.000E+00 0.000E+00 0.000E+00
  2390.00 0.000E+00 0.000E+00 0.000E+00 0.000E+00
  2388.00 0.000E+00 0.000E+00 0.000E+00 0.000E+00
  2386.00 0.000E+00 0.000E+00 0.000E+00 0.000E+00
  2384.00 0.000E+00 0.000E+00 0.000E+00 0.000E+00
  2382.00 0.000E+00 0.000E+00 0.000E+00 0.000E+00
  2380.00 0.000E+00 0.000E+00 0.000E+00 0.000E+00
  2378.00 0.000E+00 0.000E+00 0.000E+00 0.000E+00
  2376.00 0.000E+00 0.000E+00 0.000E+00 0.000E+00
  2374.00 0.000E+00 0.000E+00 0.000E+00 0.000E+00
  2372.00 0.000E+00 0.000E+00 0.000E+00 0.000E+00
  2370.00 0.000E+00 0.000E+00 0.000E+00 0.000E+00
  2368.00 0.000E+00 0.000E+00 0.000E+00 0.000E+00
  2366.00 0.000E+00 0.000E+00 0.000E+00 0.000E+00
  2364.00 0.000E+00 0.000E+00 0.000E+00 0.000E+00
  2362.00 0.000E+00 0.000E+00 0.000E+00 0.000E+00
  2360.00 0.000E+00 0.000E+00 0.000E+00 0.000E+00
  2358.00 0.000E+00 0.000E+00 0.000E+00 0.000E+00
  2356.00 0.000E+00 0.000E+00 0.000E+00 0.000E+00
  2354.00 0.000E+00 0.000E+00 0.000E+00 0.000E+00
  2352.00 0.000E+00 0.000E+00 0.000E+00 0.000E+00
  2350.00 0.000E+00 0.000E+00 0.000E+00 0.000E+00
  2348.00 0.000E+00 0.000E+00 0.000E+00 0.000E+00
  2346.00 0.000E+00 0.000E+00 0.000E+00 0.000E+00
  2344.00 0.000E+00 0.000E+00 0.000E+00 0.000E+00
  2342.00 0.000E+00 0.000E+00 0.000E+00 0.000E+00
  2340.00 0.000E+00 0.000E+00 0.000E+00 0.000E+00
  2338.00 0.000E+00 0.000E+00 0.000E+00 0.000E+00
  2336.00 0.000E+00 0.000E+00 0.000E+00 0.000E+00
  2334.00 0.000E+00 0.000E+00 0.000E+00 0.000E+00
  2332.00 0.000E+00 0.000E+00 0.000E+00 0.000E+00
  2330.00 0.000E+00 0.000E+00 0.000E+00 0.000E+00
  2328.00 0.000E+00 0.000E+00 0.000E+00 0.000E+00
  2326.00 0.000E+00 0.000E+00 0.000E+00 0.000E+00
  2324.00 0.000E+00 0.000E+00 0.000E+00 0.000E+00
  2322.00 0.000E+00 0.000E+00 0.000E+00 0.000E+00
  2320.00 0.000E+00 0.000E+00 0.000E+00 0.000E+00
  2318.00 0.000E+00 0.000E+00 0.000E+00 0.000E+00
  2316.00 0.000E+00 0.000E+00 0.000E+00 0.000E+00
  2314.00 0.000E+00 0.000E+00 0.000E+00 0.000E+00
  2312.00 0.000E+00 0.000E+00 0.000E+00 0.000E+00
  2310.00 0.000E+00 0.000E+00 0.000E+00 0.000E+00
  2308.00 0.000E+00 0.000E+00 0.000E+00 0.000E+00
  2306.00 0.000E+00 0.000E+00 0.000E+00 0.000E+00
  2304.00 0.000E+00 0.000E+00 0.000E+00 0.000E+00
  2302.00 0.000E+00 0.000E+00 0.000E+00 0.000E+00
  2300.00 0.000E+00 0.000E+00 0.000E+00 0.000E+00
  2298.00 0.000E+00 0.000E+00 0.000E+00 0.000E+00
  2296.00 0.000E+00 0.000E+00 0.000E+00 0.000E+00
  2294.00 0.000E+00 0.000E+00 0.000E+00 0.000E+00
  2292.00 0.000E+00 0.000E+00 0.000E+00 0.000E+00
  2290.00 0.000E+00 0.000E+00 0.000E+00 0.000E+00
  2288.00 0.000E+00 0.000E+00 0.000E+00 0.000E+00
  2286.00 0.000E+00 0.000E+00 0.000E+00 0.000E+00
  2284.00 0.000E+00 0.000E+00 0.000E+00 0.000E+00
  2282.00 0.000E+00 0.000E+00 0.000E+00 0.000E+00
  2280.00 0.000E+00 0.000E+00 0.000E+00 0.000E+00
  2278.00 0.000E+00 0.000E+00 0.000E+00 0.000E+00
  2276.00 0.000E+00 0.000E+00 0.000E+00 0.000E+00
  2274.00 0.000E+00 0.000E+00 0.000E+00 0.000E+00
  2272.00 0.000E+00 0.000E+00 0.000E+00 0.000E+00
  2270.00 0.000E+00 0.000E+00 0.000E+00 0.000E+00
  2268.00 0.000E+00 0.000E+00 0.000E+00 0.000E+00
  2266.00 0.000E+00 0.000E+00 0.000E+00 0.000E+00
  2264.00 0.000E+00 0.000E+00 0.000E+00 0.000E+00
  2262.00 0.000E+00 0.000E+00 0.000E+00 0.000E+00
  2260.00 0.000E+00 0.000E+00 0.000E+00 0.000E+00
  2258.00 0.000E+00 0.000E+00 0.000E+00 0.000E+00
  2256.00 0.000E+00 0.000E+00 0.000E+00 0.000E+00
  2254.00 0.000E+00 0.000E+00 0.000E+00 0.000E+00
  2252.00 1.998E-09 1.998E-09 1.998E-09 1.058E-09
  2250.00 0.000E+00 0.000E+00 0.000E+00 0.000E+00
  2248.00 0.000E+00 0.000E+00 0.000E+00 0.000E+00
  2246.00 0.000E+00 0.000E+00 0.000E+00 0.000E+00
  2244.00 0.000E+00 0.000E+00 0.000E+00 0.000E+00
  2242.00 0.000E+00 0.000E+00 0.000E+00 0.000E+00
  2240.00 0.000E+00 0.000E+00 0.000E+00 0.000E+00
  2238.00 0.000E+00 0.000E+00 0.000E+00 0.000E+00
  2236.00 0.000E+00 0.000E+00 0.000E+00 0.000E+00
  2234.00 0.000E+00 0.000E+00 0.000E+00 0.000E+00
  2232.00 0.000E+00 0.000E+00 0.000E+00 0.000E+00
  2230.00 0.000E+00 0.000E+00 0.000E+00 0.000E+00
  2228.00 0.000E+00 0.000E+00 0.000E+00 0.000E+00
  2226.00 0.000E+00 0.000E+00 0.000E+00 0.000E+00
  2224.00 0.000E+00 0.000E+00 0.000E+00 0.000E+00
  2222.00 0.000E+00 0.000E+00 0.000E+00 0.000E+00
  2220.00 0.000E+00 0.000E+00 0.000E+00 0.000E+00
  2218.00 0.000E+00 0.000E+00 0.000E+00 0.000E+00
  2216.00 0.000E+00 0.000E+00 0.000E+00 0.000E+00
  2214.00 0.000E+00 0.000E+00 0.000E+00 0.000E+00
  2212.00 0.000E+00 0.000E+00 0.000E+00 0.000E+00
  2210.00 0.000E+00 0.000E+00 0.000E+00 0.000E+00
  2208.00 0.000E+00 0.000E+00 0.000E+00 0.000E+00
  2206.00 0.000E+00 0.000E+00 0.000E+00 0.000E+00
  2204.00 0.000E+00 0.000E+00 0.000E+00 0.000E+00
  2202.00 0.000E+00 0.000E+00 0.000E+00 0.000E+00
  2200.00 0.000E+00 0.000E+00 0.000E+00 0.000E+00
  2198.00 0.000E+00 0.000E+00 0.000E+00 0.000E+00
  2196.00 0.000E+00 0.000E+00 0.000E+00 0.000E+00
  2194.00 0.000E+00 0.000E+00 0.000E+00 0.000E+00
  2192.00 0.000E+00 0.000E+00 0.000E+00 0.000E+00
  2190.00 0.000E+00 0.000E+00 0.000E+00 0.000E+00
  2188.00 0.000E+00 0.000E+00 0.000E+00 0.000E+00
  2186.00 0.000E+00 0.000E+00 0.000E+00 0.000E+00
  2184.00 0.000E+00 0.000E+00 0.000E+00 0.000E+00
  2182.00 0.000E+00 0.000E+00 0.000E+00 0.000E+00
  2180.00 0.000E+00 0.000E+00 0.000E+00 0.000E+00
  2178.00 0.000E+00 0.000E+00 0.000E+00 0.000E+00
  2176.00 0.000E+00 0.000E+00 0.000E+00 0.000E+00
  2174.00 0.000E+00 0.000E+00 0.000E+00 0.000E+00
  2172.00 0.000E+00 0.000E+00 0.000E+00 0.000E+00
  2170.00 0.000E+00 0.000E+00 0.000E+00 0.000E+00
  2168.00 0.000E+00 0.000E+00 0.000E+00 0.000E+00
  2166.00 0.000E+00 0.000E+00 0.000E+00 0.000E+00
  2164.00 0.000E+00 0.000E+00 0.000E+00 0.000E+00
  2162.00 0.000E+00 0.000E+00 0.000E+00 0.000E+00
  2160.00 0.000E+00 0.000E+00 0.000E+00 0.000E+00
  2158.00 1.557E-09 1.557E-09 1.557E-09 8.245E-10
  2156.00 0.000E+00 0.000E+00 0.000E+00 0.000E+00
  2154.00 0.000E+00 0.000E+00 0.000E+00 0.000E+00
  2152.00 0.000E+00 0.000E+00 0.000E+00 0.000E+00
  2150.00 0.000E+00 0.000E+00 0.000E+00 0.000E+00
  2148.00 0.000E+00 0.000E+00 0.000E+00 0.000E+00
  2146.00 0.000E+00 0.000E+00 0.000E+00 0.000E+00
  2144.00 0.000E+00 0.000E+00 0.000E+00 0.000E+00
  2142.00 0.000E+00 0.000E+00 0.000E+00 0.000E+00
  2140.00 0.000E+00 0.000E+00 0.000E+00 0.000E+00
  2138.00 0.000E+00 0.000E+00 0.000E+00 0.000E+00
  2136.00 0.000E+00 0.000E+00 0.000E+00 0.000E+00
  2134.00 0.000E+00 0.000E+00 0.000E+00 0.000E+00
  2132.00 0.000E+00 0.000E+00 0.000E+00 0.000E+00
  2130.00 0.000E+00 0.000E+00 0.000E+00 0.000E+00
  2128.00 0.000E+00 0.000E+00 0.000E+00 0.000E+00
  2126.00 0.000E+00 0.000E+00 0.000E+00 0.000E+00
  2124.00 0.000E+00 0.000E+00 0.000E+00 0.000E+00
  2122.00 0.000E+00 0.000E+00 0.000E+00 0.000E+00
  2120.00 0.000E+00 0.000E+00 0.000E+00 0.000E+00
  2118.00 0.000E+00 0.000E+00 0.000E+00 0.000E+00
  2116.00 0.000E+00 0.000E+00 0.000E+00 0.000E+00
  2114.00 0.000E+00 0.000E+00 0.000E+00 0.000E+00
  2112.00 0.000E+00 0.000E+00 0.000E+00 0.000E+00
  2110.00 0.000E+00 0.000E+00 0.000E+00 0.000E+00
  2108.00 0.000E+00 0.000E+00 0.000E+00 0.000E+00
  2106.00 0.000E+00 0.000E+00 0.000E+00 0.000E+00
  2104.00 0.000E+00 0.000E+00 0.000E+00 0.000E+00
  2102.00 0.000E+00 0.000E+00 0.000E+00 0.000E+00
  2100.00 0.000E+00 0.000E+00 0.000E+00 0.000E+00
  2098.00 0.000E+00 0.000E+00 0.000E+00 0.000E+00
  2096.00 0.000E+00 0.000E+00 0.000E+00 0.000E+00
  2094.00 0.000E+00 0.000E+00 0.000E+00 0.000E+00
  2092.00 0.000E+00 0.000E+00 0.000E+00 0.000E+00
  2090.00 0.000E+00 0.000E+00 0.000E+00 0.000E+00
  2088.00 0.000E+00 0.000E+00 0.000E+00 0.000E+00
  2086.00 0.000E+00 0.000E+00 0.000E+00 0.000E+00
  2084.00 0.000E+00 0.000E+00 0.000E+00 0.000E+00
  2082.00 0.000E+00 0.000E+00 0.000E+00 0.000E+00
  2080.00 0.000E+00 0.000E+00 0.000E+00 0.000E+00
  2078.00 1.557E-09 1.557E-09 1.557E-09 8.245E-10
  2076.00 0.000E+00 0.000E+00 0.000E+00 0.000E+00
  2074.00 0.000E+00 0.000E+00 0.000E+00 0.000E+00
  2072.00 0.000E+00 0.000E+00 0.000E+00 0.000E+00
  2070.00 0.000E+00 0.000E+00 0.000E+00 0.000E+00
  2068.00 0.000E+00 0.000E+00 0.000E+00 0.000E+00
  2066.00 0.000E+00 0.000E+00 0.000E+00 0.000E+00
  2064.00 0.000E+00 0.000E+00 0.000E+00 0.000E+00
  2062.00 0.000E+00 0.000E+00 0.000E+00 0.000E+00
  2060.00 0.000E+00 0.000E+00 0.000E+00 0.000E+00
  2058.00 0.000E+00 0.000E+00 0.000E+00 0.000E+00
  2056.00 0.000E+00 0.000E+00 0.000E+00 0.000E+00
  2054.00 0.000E+00 0.000E+00 0.000E+00 0.000E+00
  2052.00 0.000E+00 0.000E+00 0.000E+00 0.000E+00
  2050.00 0.000E+00 0.000E+00 0.000E+00 0.000E+00
  2048.00 0.000E+00 0.000E+00 0.000E+00 0.000E+00
  2046.00 0.000E+00 0.000E+00 0.000E+00 0.000E+00
  2044.00 0.000E+00 0.000E+00 0.000E+00 0.000E+00
  2042.00 0.000E+00 0.000E+00 0.000E+00 0.000E+00
  2040.00 0.000E+00 0.000E+00 0.000E+00 0.000E+00
  2038.00 0.000E+00 0.000E+00 0.000E+00 0.000E+00
  2036.00 0.000E+00 0.000E+00 0.000E+00 0.000E+00
  2034.00 0.000E+00 0.000E+00 0.000E+00 0.000E+00
  2032.00 0.000E+00 0.000E+00 0.000E+00 0.000E+00
  2030.00 0.000E+00 0.000E+00 0.000E+00 0.000E+00
  2028.00 0.000E+00 0.000E+00 0.000E+00 0.000E+00
  2026.00 0.000E+00 0.000E+00 0.000E+00 0.000E+00
  2024.00 0.000E+00 0.000E+00 0.000E+00 0.000E+00
  2022.00 0.000E+00 0.000E+00 0.000E+00 0.000E+00
  2020.00 0.000E+00 0.000E+00 0.000E+00 0.000E+00
  2018.00 0.000E+00 0.000E+00 0.000E+00 0.000E+00
  2016.00 0.000E+00 0.000E+00 0.000E+00 0.000E+00
  2014.00 0.000E+00 0.000E+00 0.000E+00 0.000E+00
  2012.00 0.000E+00 0.000E+00 0.000E+00 0.000E+00
  2010.00 0.000E+00 0.000E+00 0.000E+00 0.000E+00
  2008.00 0.000E+00 0.000E+00 0.000E+00 0.000E+00
  2006.00 1.557E-09 1.557E-09 1.557E-09 8.245E-10
  2004.00 0.000E+00 0.000E+00 0.000E+00 0.000E+00
  2002.00 0.000E+00 0.000E+00 0.000E+00 0.000E+00
  2000.00 0.000E+00 0.000E+00 0.000E+00 0.000E+00
  1998.00 0.000E+00 0.000E+00 0.000E+00 0.000E+00
  1996.00 0.000E+00 0.000E+00 0.000E+00 0.000E+00
  1994.00 0.000E+00 0.000E+00 0.000E+00 0.000E+00
  1992.00 0.000E+00 0.000E+00 0.000E+00 0.000E+00
  1990.00 0.000E+00 0.000E+00 0.000E+00 0.000E+00
  1988.00 0.000E+00 0.000E+00 0.000E+00 0.000E+00
  1986.00 0.000E+00 0.000E+00 0.000E+00 0.000E+00
  1984.00 0.000E+00 0.000E+00 0.000E+00 0.000E+00
  1982.00 0.000E+00 0.000E+00 0.000E+00 0.000E+00
  1980.00 0.000E+00 0.000E+00 0.000E+00 0.000E+00
  1978.00 0.000E+00 0.000E+00 0.000E+00 0.000E+00
  1976.00 0.000E+00 0.000E+00 0.000E+00 0.000E+00
  1974.00 0.000E+00 0.000E+00 0.000E+00 0.000E+00
  1972.00 0.000E+00 0.000E+00 0.000E+00 0.000E+00
  1970.00 0.000E+00 0.000E+00 0.000E+00 0.000E+00
  1968.00 0.000E+00 0.000E+00 0.000E+00 0.000E+00
  1966.00 0.000E+00 0.000E+00 0.000E+00 0.000E+00
  1964.00 0.000E+00 0.000E+00 0.000E+00 0.000E+00
  1962.00 0.000E+00 0.000E+00 0.000E+00 0.000E+00
  1960.00 0.000E+00 0.000E+00 0.000E+00 0.000E+00
  1958.00 0.000E+00 0.000E+00 0.000E+00 0.000E+00
  1956.00 0.000E+00 0.000E+00 0.000E+00 0.000E+00
  1954.00 1.557E-09 1.557E-09 1.557E-09 8.245E-10
  1952.00 0.000E+00 0.000E+00 0.000E+00 0.000E+00
  1950.00 0.000E+00 0.000E+00 0.000E+00 0.000E+00
  1948.00 0.000E+00 0.000E+00 0.000E+00 0.000E+00
  1946.00 0.000E+00 0.000E+00 0.000E+00 0.000E+00
  1944.00 0.000E+00 0.000E+00 0.000E+00 0.000E+00
  1942.00 0.000E+00 0.000E+00 0.000E+00 0.000E+00
  1940.00 0.000E+00 0.000E+00 0.000E+00 0.000E+00
  1938.00 0.000E+00 0.000E+00 0.000E+00 0.000E+00
  1936.00 0.000E+00 0.000E+00 0.000E+00 0.000E+00
  1934.00 0.000E+00 0.000E+00 0.000E+00 0.000E+00
  1932.00 0.000E+00 0.000E+00 0.000E+00 0.000E+00
  1930.00 0.000E+00 0.000E+00 0.000E+00 0.000E+00
  1928.00 0.000E+00 0.000E+00 0.000E+00 0.000E+00
  1926.00 0.000E+00 0.000E+00 0.000E+00 0.000E+00
  1924.00 2.153E-09 2.153E-09 2.153E-09 1.140E-09
  1922.00 0.000E+00 0.000E+00 0.000E+00 0.000E+00
  1920.00 0.000E+00 0.000E+00 0.000E+00 0.000E+00
  1918.00 0.000E+00 0.000E+00 0.000E+00 0.000E+00
  1916.00 0.000E+00 0.000E+00 0.000E+00 0.000E+00
  1914.00 0.000E+00 0.000E+00 0.000E+00 0.000E+00
  1912.00 0.000E+00 0.000E+00 0.000E+00 0.000E+00
  1910.00 1.557E-09 1.557E-09 1.557E-09 8.245E-10
  1908.00 0.000E+00 0.000E+00 0.000E+00 0.000E+00
  1906.00 0.000E+00 0.000E+00 0.000E+00 0.000E+00
  1904.00 0.000E+00 0.000E+00 0.000E+00 0.000E+00
  1902.00 0.000E+00 0.000E+00 0.000E+00 0.000E+00
  1900.00 0.000E+00 0.000E+00 0.000E+00 0.000E+00
  1898.00 0.000E+00 0.000E+00 0.000E+00 0.000E+00
  1896.00 0.000E+00 0.000E+00 0.000E+00 0.000E+00
  1894.00 0.000E+00 0.000E+00 0.000E+00 0.000E+00
  1892.00 0.000E+00 0.000E+00 0.000E+00 0.000E+00
  1890.00 1.147E-09 1.147E-09 1.147E-09 6.074E-10
  1888.00 1.557E-09 1.557E-09 1.557E-09 8.245E-10
  1886.00 0.000E+00 0.000E+00 0.000E+00 0.000E+00
  1884.00 0.000E+00 0.000E+00 0.000E+00 0.000E+00
  1882.00 0.000E+00 0.000E+00 0.000E+00 0.000E+00
  1880.00 0.000E+00 0.000E+00 0.000E+00 0.000E+00
  1878.00 0.000E+00 0.000E+00 0.000E+00 0.000E+00
  1876.00 0.000E+00 0.000E+00 0.000E+00 0.000E+00
  1874.00 0.000E+00 0.000E+00 0.000E+00 0.000E+00
  1872.00 0.000E+00 0.000E+00 0.000E+00 0.000E+00
  1870.00 0.000E+00 0.000E+00 0.000E+00 0.000E+00
  1868.00 0.000E+00 0.000E+00 0.000E+00 0.000E+00
  1866.00 2.153E-09 2.153E-09 2.153E-09 1.140E-09
  1864.00 0.000E+00 0.000E+00 0.000E+00 0.000E+00
  1862.00 0.000E+00 0.000E+00 0.000E+00 0.000E+00
  1860.00 0.000E+00 0.000E+00 0.000E+00 0.000E+00
  1858.00 0.000E+00 0.000E+00 0.000E+00 0.000E+00
  1856.00 0.000E+00 0.000E+00 0.000E+00 0.000E+00
  1854.00 0.000E+00 0.000E+00 0.000E+00 0.000E+00
  1852.00 1.998E-09 1.998E-09 1.998E-09 1.058E-09
  1850.00 0.000E+00 0.000E+00 0.000E+00 0.000E+00
  1848.00 0.000E+00 0.000E+00 0.000E+00 0.000E+00
  1846.00 0.000E+00 0.000E+00 0.000E+00 0.000E+00
  1844.00 0.000E+00 0.000E+00 0.000E+00 0.000E+00
  1842.00 0.000E+00 0.000E+00 0.000E+00 0.000E+00
  1840.00 0.000E+00 0.000E+00 0.000E+00 0.000E+00
  1838.00 0.000E+00 0.000E+00 0.000E+00 0.000E+00
  1836.00 0.000E+00 0.000E+00 0.000E+00 0.000E+00
  1834.00 0.000E+00 0.000E+00 0.000E+00 0.000E+00
  1832.00 0.000E+00 0.000E+00 0.000E+00 0.000E+00
  1830.00 0.000E+00 0.000E+00 0.000E+00 0.000E+00
  1828.00 0.000E+00 0.000E+00 0.000E+00 0.000E+00
  1826.00 0.000E+00 0.000E+00 0.000E+00 0.000E+00
  1824.00 0.000E+00 0.000E+00 0.000E+00 0.000E+00
  1822.00 0.000E+00 0.000E+00 0.000E+00 0.000E+00
  1820.00 0.000E+00 0.000E+00 0.000E+00 0.000E+00
  1818.00 0.000E+00 0.000E+00 0.000E+00 0.000E+00
  1816.00 0.000E+00 0.000E+00 0.000E+00 0.000E+00
  1814.00 0.000E+00 0.000E+00 0.000E+00 0.000E+00
  1812.00 0.000E+00 0.000E+00 0.000E+00 0.000E+00
  1810.00 0.000E+00 0.000E+00 0.000E+00 0.000E+00
  1808.00 0.000E+00 0.000E+00 0.000E+00 0.000E+00
  1806.00 1.846E-09 1.846E-09 1.846E-09 9.773E-10
  1804.00 1.998E-09 1.998E-09 1.998E-09 1.058E-09
  1802.00 0.000E+00 0.000E+00 0.000E+00 0.000E+00
  1800.00 0.000E+00 0.000E+00 0.000E+00 0.000E+00
  1798.00 1.998E-09 1.998E-09 1.998E-09 1.058E-09
  1796.00 0.000E+00 0.000E+00 0.000E+00 0.000E+00
  1794.00 0.000E+00 0.000E+00 0.000E+00 0.000E+00
  1792.00 0.000E+00 0.000E+00 0.000E+00 0.000E+00
  1790.00 0.000E+00 0.000E+00 0.000E+00 0.000E+00
  1788.00 0.000E+00 0.000E+00 0.000E+00 0.000E+00
  1786.00 0.000E+00 0.000E+00 0.000E+00 0.000E+00
  1784.00 1.163E-09 1.163E-09 1.163E-09 6.156E-10
  1782.00 0.000E+00 0.000E+00 0.000E+00 0.000E+00
  1780.00 1.846E-09 1.846E-09 1.846E-09 9.773E-10
  1778.00 0.000E+00 0.000E+00 0.000E+00 0.000E+00
  1776.00 0.000E+00 0.000E+00 0.000E+00 0.000E+00
  1774.00 0.000E+00 0.000E+00 0.000E+00 0.000E+00
  1772.00 0.000E+00 0.000E+00 0.000E+00 0.000E+00
  1770.00 0.000E+00 0.000E+00 0.000E+00 0.000E+00
  1768.00 0.000E+00 0.000E+00 0.000E+00 0.000E+00
  1766.00 0.000E+00 0.000E+00 0.000E+00 0.000E+00
  1764.00 1.163E-09 1.163E-09 1.163E-09 6.156E-10
  1762.00 0.000E+00 0.000E+00 0.000E+00 0.000E+00
  1760.00 0.000E+00 0.000E+00 0.000E+00 0.000E+00
  1758.00 1.315E-09 1.315E-09 1.315E-09 6.962E-10
  1756.00 0.000E+00 0.000E+00 0.000E+00 0.000E+00
  1754.00 1.557E-09 1.557E-09 1.557E-09 8.245E-10
  1752.00 0.000E+00 0.000E+00 0.000E+00 0.000E+00
  1750.00 1.147E-09 1.147E-09 1.147E-09 6.074E-10
  1748.00 1.846E-09 1.846E-09 1.846E-09 9.773E-10
  1746.00 3.248E-09 3.248E-09 3.248E-09 1.720E-09
  1744.00 0.000E+00 0.000E+00 0.000E+00 0.000E+00
  1742.00 0.000E+00 0.000E+00 0.000E+00 0.000E+00
  1740.00 0.000E+00 0.000E+00 0.000E+00 0.000E+00
  1738.00 0.000E+00 0.000E+00 0.000E+00 0.000E+00
  1736.00 0.000E+00 0.000E+00 0.000E+00 0.000E+00
  1734.00 0.000E+00 0.000E+00 0.000E+00 0.000E+00
  1732.00 0.000E+00 0.000E+00 0.000E+00 0.000E+00
  1730.00 0.000E+00 0.000E+00 0.000E+00 0.000E+00
  1728.00 2.707E-09 2.707E-09 2.707E-09 1.433E-09
  1726.00 1.163E-09 1.163E-09 1.163E-09 6.156E-10
  1724.00 1.315E-09 1.315E-09 1.315E-09 6.962E-10
  1722.00 0.000E+00 0.000E+00 0.000E+00 0.000E+00
  1720.00 5.414E-09 5.414E-09 5.414E-09 2.866E-09
  1718.00 0.000E+00 0.000E+00 0.000E+00 0.000E+00
  1716.00 0.000E+00 0.000E+00 0.000E+00 0.000E+00
  1714.00 2.294E-09 2.294E-09 2.294E-09 1.215E-09
  1712.00 0.000E+00 0.000E+00 0.000E+00 0.000E+00
  1710.00 0.000E+00 0.000E+00 0.000E+00 0.000E+00
  1708.00 0.000E+00 0.000E+00 0.000E+00 0.000E+00
  1706.00 2.416E-09 2.416E-09 2.416E-09 1.279E-09
  1704.00 3.145E-09 3.145E-09 3.145E-09 1.665E-09
  1702.00 3.300E-09 3.300E-09 3.300E-09 1.747E-09
  1700.00 2.153E-09 2.153E-09 2.153E-09 1.140E-09
  1698.00 0.000E+00 0.000E+00 0.000E+00 0.000E+00
  1696.00 1.998E-09 1.998E-09 1.998E-09 1.058E-09
  1694.00 0.000E+00 0.000E+00 0.000E+00 0.000E+00
  1692.00 1.147E-09 1.147E-09 1.147E-09 6.074E-10
  1690.00 0.000E+00 0.000E+00 0.000E+00 0.000E+00
  1688.00 4.563E-09 4.563E-09 4.563E-09 2.416E-09
  1686.00 2.153E-09 2.153E-09 2.153E-09 1.140E-09
  1684.00 3.171E-09 3.171E-09 3.171E-09 1.679E-09
  1682.00 5.414E-09 5.414E-09 5.414E-09 2.866E-09
  1680.00 2.153E-09 2.153E-09 2.153E-09 1.140E-09
  1678.00 0.000E+00 0.000E+00 0.000E+00 0.000E+00
  1676.00 0.000E+00 0.000E+00 0.000E+00 0.000E+00
  1674.00 3.841E-09 3.841E-09 3.841E-09 2.034E-09
  1672.00 1.315E-09 1.315E-09 1.315E-09 6.962E-10
  1670.00 4.151E-09 4.151E-09 4.151E-09 2.198E-09
  1668.00 0.000E+00 0.000E+00 0.000E+00 0.000E+00
  1666.00 1.998E-09 1.998E-09 1.998E-09 1.058E-09
  1664.00 1.846E-09 1.846E-09 1.846E-09 9.773E-10
  1662.00 5.543E-09 5.543E-09 5.543E-09 2.935E-09
  1660.00 0.000E+00 0.000E+00 0.000E+00 0.000E+00
  1658.00 3.300E-09 3.300E-09 3.300E-09 1.747E-09
  1656.00 2.733E-09 2.733E-09 2.733E-09 1.447E-09
  1654.00 1.147E-09 1.147E-09 1.147E-09 6.074E-10
  1652.00 0.000E+00 0.000E+00 0.000E+00 0.000E+00
  1650.00 4.047E-09 4.047E-09 4.047E-09 2.143E-09
  1648.00 6.007E-09 6.007E-09 6.007E-09 3.180E-09
  1646.00 3.016E-09 3.016E-09 3.016E-09 1.597E-09
  1644.00 1.163E-09 1.163E-09 1.163E-09 6.156E-10
  1642.00 0.000E+00 0.000E+00 0.000E+00 0.000E+00
  1640.00 2.990E-09 2.990E-09 2.990E-09 1.583E-09
  1638.00 8.095E-09 8.095E-09 8.095E-09 4.286E-09
  1636.00 3.403E-09 3.403E-09 3.403E-09 1.802E-09
  1634.00 0.000E+00 0.000E+00 0.000E+00 0.000E+00
  1632.00 5.594E-09 5.594E-09 5.594E-09 2.962E-09
  1630.00 0.000E+00 0.000E+00 0.000E+00 0.000E+00
  1628.00 8.636E-09 8.636E-09 8.636E-09 4.573E-09
  1626.00 7.141E-09 7.141E-09 7.141E-09 3.781E-09
  1624.00 0.000E+00 0.000E+00 0.000E+00 0.000E+00
  1622.00 1.147E-09 1.147E-09 1.147E-09 6.074E-10
  1620.00 4.821E-09 4.821E-09 4.821E-09 2.553E-09
  1618.00 1.147E-09 1.147E-09 1.147E-09 6.074E-10
  1616.00 6.342E-09 6.342E-09 6.342E-09 3.358E-09
  1614.00 5.027E-09 5.027E-09 5.027E-09 2.662E-09
  1612.00 9.126E-09 9.126E-09 9.126E-09 4.832E-09
  1610.00 1.611E-08 1.611E-08 1.611E-08 8.531E-09
  1608.00 5.311E-09 5.311E-09 5.311E-09 2.812E-09
  1606.00 2.990E-09 2.990E-09 2.990E-09 1.583E-09
  1604.00 4.847E-09 4.847E-09 4.847E-09 2.566E-09
  1602.00 5.465E-09 5.465E-09 5.465E-09 2.894E-09
  1600.00 8.275E-09 8.275E-09 8.275E-09 4.382E-09
  1598.00 2.153E-09 2.153E-09 2.153E-09 1.140E-09
  1596.00 6.729E-09 6.729E-09 6.729E-09 3.563E-09
  1594.00 7.631E-09 7.631E-09 7.631E-09 4.040E-09
  1592.00 1.147E-09 1.147E-09 1.147E-09 6.074E-10
  1590.00 5.156E-09 5.156E-09 5.156E-09 2.730E-09
  1588.00 5.465E-09 5.465E-09 5.465E-09 2.894E-09
  1586.00 5.104E-09 5.104E-09 5.104E-09 2.703E-09
  1584.00 8.301E-09 8.301E-09 8.301E-09 4.395E-09
  1582.00 7.450E-09 7.450E-09 7.450E-09 3.945E-09
  1580.00 1.060E-08 1.060E-08 1.060E-08 5.610E-09
  1578.00 3.403E-09 3.403E-09 3.403E-09 1.802E-09
  1576.00 3.403E-09 3.403E-09 3.403E-09 1.802E-09
  1574.00 9.796E-09 9.796E-09 9.796E-09 5.187E-09
  1572.00 8.430E-09 8.430E-09 8.430E-09 4.464E-09
  1570.00 4.692E-09 4.692E-09 4.692E-09 2.484E-09
  1568.00 8.404E-09 8.404E-09 8.404E-09 4.450E-09
  1566.00 7.450E-09 7.450E-09 7.450E-09 3.945E-09
  1564.00 8.533E-09 8.533E-09 8.533E-09 4.518E-09
  1562.00 5.414E-09 5.414E-09 5.414E-09 2.866E-09
  1560.00 7.141E-09 7.141E-09 7.141E-09 3.781E-09
  1558.00 8.404E-09 8.404E-09 8.404E-09 4.450E-09
  1556.00 4.202E-09 4.202E-09 4.202E-09 2.225E-09
  1554.00 1.067E-08 1.067E-08 1.067E-08 5.651E-09
  1552.00 1.088E-08 1.088E-08 1.088E-08 5.760E-09
  1550.00 4.460E-09 4.460E-09 4.460E-09 2.361E-09
  1548.00 1.655E-08 1.655E-08 1.655E-08 8.763E-09
  1546.00 1.647E-08 1.647E-08 1.647E-08 8.722E-09
  1544.00 6.703E-09 6.703E-09 6.703E-09 3.549E-09
  1542.00 6.625E-09 6.625E-09 6.625E-09 3.508E-09
  1540.00 3.558E-09 3.558E-09 3.558E-09 1.884E-09
  1538.00 9.719E-09 9.719E-09 9.719E-09 5.146E-09
  1536.00 1.003E-08 1.003E-08 1.003E-08 5.310E-09
  1534.00 6.574E-09 6.574E-09 6.574E-09 3.481E-09
  1532.00 9.977E-09 9.977E-09 9.977E-09 5.283E-09
  1530.00 1.444E-08 1.444E-08 1.444E-08 7.644E-09
  1528.00 1.317E-08 1.317E-08 1.317E-08 6.975E-09
  1526.00 7.631E-09 7.631E-09 7.631E-09 4.040E-09
  1524.00 1.315E-08 1.315E-08 1.315E-08 6.962E-09
  1522.00 4.305E-09 4.305E-09 4.305E-09 2.280E-09
  1520.00 5.311E-09 5.311E-09 5.311E-09 2.812E-09
  1518.00 1.106E-08 1.106E-08 1.106E-08 5.856E-09
  1516.00 1.828E-08 1.828E-08 1.828E-08 9.678E-09
  1514.00 2.021E-08 2.021E-08 2.021E-08 1.070E-08
  1512.00 1.286E-08 1.286E-08 1.286E-08 6.811E-09
  1510.00 3.145E-09 3.145E-09 3.145E-09 1.665E-09
  1508.00 6.986E-09 6.986E-09 6.986E-09 3.699E-09
  1506.00 1.629E-08 1.629E-08 1.629E-08 8.627E-09
  1504.00 7.296E-09 7.296E-09 7.296E-09 3.863E-09
  1502.00 1.088E-08 1.088E-08 1.088E-08 5.760E-09
  1500.00 1.761E-08 1.761E-08 1.761E-08 9.323E-09
  1498.00 1.299E-08 1.299E-08 1.299E-08 6.880E-09
  1496.00 1.575E-08 1.575E-08 1.575E-08 8.340E-09
  1494.00 8.146E-09 8.146E-09 8.146E-09 4.313E-09
  1492.00 1.405E-08 1.405E-08 1.405E-08 7.439E-09
  1490.00 7.863E-09 7.863E-09 7.863E-09 4.163E-09
  1488.00 2.681E-08 2.681E-08 2.681E-08 1.420E-08
  1486.00 2.681E-08 2.681E-08 2.681E-08 1.420E-08
  1484.00 1.181E-08 1.181E-08 1.181E-08 6.252E-09
  1482.00 1.405E-08 1.405E-08 1.405E-08 7.439E-09
  1480.00 3.274E-08 3.274E-08 3.274E-08 1.734E-08
  1478.00 1.632E-08 1.632E-08 1.632E-08 8.640E-09
  1476.00 1.967E-08 1.967E-08 1.967E-08 1.041E-08
  1474.00 1.861E-08 1.861E-08 1.861E-08 9.855E-09
  1472.00 3.119E-08 3.119E-08 3.119E-08 1.652E-08
  1470.00 2.274E-08 2.274E-08 2.274E-08 1.204E-08
  1468.00 1.542E-08 1.542E-08 1.542E-08 8.163E-09
  1466.00 1.542E-08 1.542E-08 1.542E-08 8.163E-09
  1464.00 2.887E-08 2.887E-08 2.887E-08 1.529E-08
  1462.00 2.346E-08 2.346E-08 2.346E-08 1.242E-08
  1460.00 3.403E-08 3.403E-08 3.403E-08 1.802E-08
  1458.00 4.563E-08 4.563E-08 4.563E-08 2.416E-08
  1456.00 2.431E-08 2.431E-08 2.431E-08 1.287E-08
  1454.00 1.807E-08 1.807E-08 1.807E-08 9.569E-09
  1452.00 2.810E-08 2.810E-08 2.810E-08 1.488E-08
  1450.00 2.758E-08 2.758E-08 2.758E-08 1.461E-08
  1448.00 3.661E-08 3.661E-08 3.661E-08 1.938E-08
  1446.00 3.867E-08 3.867E-08 3.867E-08 2.047E-08
  1444.00 3.609E-08 3.609E-08 3.609E-08 1.911E-08
  1442.00 4.151E-08 4.151E-08 4.151E-08 2.198E-08
  1440.00 1.660E-08 1.660E-08 1.660E-08 8.791E-09
  1438.00 2.758E-08 2.758E-08 2.758E-08 1.461E-08
  1436.00 2.836E-08 2.836E-08 2.836E-08 1.502E-08
  1434.00 2.472E-08 2.472E-08 2.472E-08 1.309E-08
  1432.00 2.887E-08 2.887E-08 2.887E-08 1.529E-08
  1430.00 3.248E-08 3.248E-08 3.248E-08 1.720E-08
  1428.00 5.053E-08 5.053E-08 5.053E-08 2.675E-08
  1426.00 3.300E-08 3.300E-08 3.300E-08 1.747E-08
  1424.00 2.021E-08 2.021E-08 2.021E-08 1.070E-08
  1422.00 4.640E-08 4.640E-08 4.640E-08 2.457E-08
  1420.00 3.222E-08 3.222E-08 3.222E-08 1.706E-08
  1418.00 4.666E-08 4.666E-08 4.666E-08 2.471E-08
  1416.00 3.867E-08 3.867E-08 3.867E-08 2.047E-08
  1414.00 3.841E-08 3.841E-08 3.841E-08 2.034E-08
  1412.00 3.171E-08 3.171E-08 3.171E-08 1.679E-08
  1410.00 3.042E-08 3.042E-08 3.042E-08 1.611E-08
  1408.00 3.687E-08 3.687E-08 3.687E-08 1.952E-08
  1406.00 3.326E-08 3.326E-08 3.326E-08 1.761E-08
  1404.00 5.079E-08 5.079E-08 5.079E-08 2.689E-08
  1402.00 4.305E-08 4.305E-08 4.305E-08 2.280E-08
  1400.00 5.079E-08 5.079E-08 5.079E-08 2.689E-08
  1398.00 4.383E-08 4.383E-08 4.383E-08 2.320E-08
  1396.00 5.981E-08 5.981E-08 5.981E-08 3.167E-08
  1394.00 4.176E-08 4.176E-08 4.176E-08 2.211E-08
  1392.00 5.336E-08 5.336E-08 5.336E-08 2.826E-08
  1390.00 4.847E-08 4.847E-08 4.847E-08 2.566E-08
  1388.00 4.589E-08 4.589E-08 4.589E-08 2.430E-08
  1386.00 6.239E-08 6.239E-08 6.239E-08 3.303E-08
  1384.00 4.460E-08 4.460E-08 4.460E-08 2.361E-08
  1382.00 5.517E-08 5.517E-08 5.517E-08 2.921E-08
  1380.00 5.723E-08 5.723E-08 5.723E-08 3.030E-08
  1378.00 5.594E-08 5.594E-08 5.594E-08 2.962E-08
  1376.00 7.012E-08 7.012E-08 7.012E-08 3.713E-08
  1374.00 5.594E-08 5.594E-08 5.594E-08 2.962E-08
  1372.00 4.847E-08 4.847E-08 4.847E-08 2.566E-08
  1370.00 7.296E-08 7.296E-08 7.296E-08 3.863E-08
  1368.00 6.780E-08 6.780E-08 6.780E-08 3.590E-08
  1366.00 7.167E-08 7.167E-08 7.167E-08 3.795E-08
  1364.00 4.511E-08 4.511E-08 4.511E-08 2.389E-08
  1362.00 6.806E-08 6.806E-08 6.806E-08 3.604E-08
  1360.00 6.832E-08 6.832E-08 6.832E-08 3.617E-08
  1358.00 7.837E-08 7.837E-08 7.837E-08 4.150E-08
  1356.00 7.863E-08 7.863E-08 7.863E-08 4.163E-08
  1354.00 8.043E-08 8.043E-08 8.043E-08 4.259E-08
  1352.00 7.579E-08 7.579E-08 7.579E-08 4.013E-08
  1350.00 8.971E-08 8.971E-08 8.971E-08 4.750E-08
  1348.00 7.167E-08 7.167E-08 7.167E-08 3.795E-08
  1346.00 7.992E-08 7.992E-08 7.992E-08 4.232E-08
  1344.00 6.033E-08 6.033E-08 6.033E-08 3.194E-08
  1342.00 9.307E-08 9.307E-08 9.307E-08 4.928E-08
  1340.00 8.559E-08 8.559E-08 8.559E-08 4.532E-08
  1338.00 9.848E-08 9.848E-08 9.848E-08 5.214E-08
  1336.00 1.060E-07 1.060E-07 1.060E-07 5.610E-08
  1334.00 1.155E-07 1.155E-07 1.155E-07 6.115E-08
  1332.00 8.739E-08 8.739E-08 8.739E-08 4.627E-08
  1330.00 1.013E-07 1.013E-07 1.013E-07 5.364E-08
  1328.00 1.075E-07 1.075E-07 1.075E-07 5.692E-08
  1326.00 1.103E-07 1.103E-07 1.103E-07 5.842E-08
  1324.00 1.008E-07 1.008E-07 1.008E-07 5.337E-08
  1322.00 9.126E-08 9.126E-08 9.126E-08 4.832E-08
  1320.00 1.163E-07 1.163E-07 1.163E-07 6.156E-08
  1318.00 1.196E-07 1.196E-07 1.196E-07 6.334E-08
  1316.00 8.843E-08 8.843E-08 8.843E-08 4.682E-08
  1314.00 1.263E-07 1.263E-07 1.263E-07 6.689E-08
  1312.00 1.196E-07 1.196E-07 1.196E-07 6.334E-08
  1310.00 1.034E-07 1.034E-07 1.034E-07 5.474E-08
  1308.00 1.315E-07 1.315E-07 1.315E-07 6.962E-08
  1306.00 1.433E-07 1.433E-07 1.433E-07 7.589E-08
  1304.00 1.281E-07 1.281E-07 1.281E-07 6.784E-08
  1302.00 1.253E-07 1.253E-07 1.253E-07 6.634E-08
  1300.00 1.508E-07 1.508E-07 1.508E-07 7.985E-08
  1298.00 1.459E-07 1.459E-07 1.459E-07 7.726E-08
  1296.00 1.480E-07 1.480E-07 1.480E-07 7.835E-08
  1294.00 1.846E-07 1.846E-07 1.846E-07 9.773E-08
  1292.00 1.371E-07 1.371E-07 1.371E-07 7.262E-08
  1290.00 1.776E-07 1.776E-07 1.776E-07 9.405E-08
  1288.00 1.511E-07 1.511E-07 1.511E-07 7.999E-08
  1286.00 1.539E-07 1.539E-07 1.539E-07 8.149E-08
  1284.00 1.642E-07 1.642E-07 1.642E-07 8.695E-08
  1282.00 1.704E-07 1.704E-07 1.704E-07 9.023E-08
  1280.00 1.848E-07 1.848E-07 1.848E-07 9.787E-08
  1278.00 1.529E-07 1.529E-07 1.529E-07 8.094E-08
  1276.00 1.619E-07 1.619E-07 1.619E-07 8.572E-08
  1274.00 1.933E-07 1.933E-07 1.933E-07 1.024E-07
  1272.00 1.815E-07 1.815E-07 1.815E-07 9.610E-08
  1270.00 1.982E-07 1.982E-07 1.982E-07 1.050E-07
  1268.00 1.900E-07 1.900E-07 1.900E-07 1.006E-07
  1266.00 2.008E-07 2.008E-07 2.008E-07 1.063E-07
  1264.00 1.856E-07 1.856E-07 1.856E-07 9.828E-08
  1262.00 2.150E-07 2.150E-07 2.150E-07 1.138E-07
  1260.00 1.686E-07 1.686E-07 1.686E-07 8.927E-08
  1258.00 2.037E-07 2.037E-07 2.037E-07 1.078E-07
  1256.00 1.900E-07 1.900E-07 1.900E-07 1.006E-07
  1254.00 1.975E-07 1.975E-07 1.975E-07 1.046E-07
  1252.00 2.222E-07 2.222E-07 2.222E-07 1.177E-07
  1250.00 2.465E-07 2.465E-07 2.465E-07 1.305E-07
  1248.00 2.508E-07 2.508E-07 2.508E-07 1.328E-07
  1246.00 2.300E-07 2.300E-07 2.300E-07 1.218E-07
  1244.00 2.681E-07 2.681E-07 2.681E-07 1.420E-07
  1242.00 3.016E-07 3.016E-07 3.016E-07 1.597E-07
  1240.00 2.539E-07 2.539E-07 2.539E-07 1.345E-07
  1238.00 2.498E-07 2.498E-07 2.498E-07 1.323E-07
  1236.00 2.315E-07 2.315E-07 2.315E-07 1.226E-07
  1234.00 2.292E-07 2.292E-07 2.292E-07 1.213E-07
  1232.00 2.862E-07 2.862E-07 2.862E-07 1.515E-07
  1230.00 2.681E-07 2.681E-07 2.681E-07 1.420E-07
  1228.00 2.707E-07 2.707E-07 2.707E-07 1.433E-07
  1226.00 2.965E-07 2.965E-07 2.965E-07 1.570E-07
  1224.00 3.094E-07 3.094E-07 3.094E-07 1.638E-07
  1222.00 2.604E-07 2.604E-07 2.604E-07 1.379E-07
  1220.00 3.403E-07 3.403E-07 3.403E-07 1.802E-07
  1218.00 2.965E-07 2.965E-07 2.965E-07 1.570E-07
  1216.00 3.248E-07 3.248E-07 3.248E-07 1.720E-07
  1214.00 3.326E-07 3.326E-07 3.326E-07 1.761E-07
  1212.00 3.351E-07 3.351E-07 3.351E-07 1.775E-07
  1210.00 3.661E-07 3.661E-07 3.661E-07 1.938E-07
  1208.00 3.532E-07 3.532E-07 3.532E-07 1.870E-07
  1206.00 3.661E-07 3.661E-07 3.661E-07 1.938E-07
  1204.00 3.429E-07 3.429E-07 3.429E-07 1.815E-07
  1202.00 3.455E-07 3.455E-07 3.455E-07 1.829E-07
  1200.00 3.893E-07 3.893E-07 3.893E-07 2.061E-07
  1198.00 3.712E-07 3.712E-07 3.712E-07 1.966E-07
  1196.00 4.279E-07 4.279E-07 4.279E-07 2.266E-07
  1194.00 3.558E-07 3.558E-07 3.558E-07 1.884E-07
  1192.00 3.970E-07 3.970E-07 3.970E-07 2.102E-07
  1190.00 4.254E-07 4.254E-07 4.254E-07 2.252E-07
  1188.00 3.429E-07 3.429E-07 3.429E-07 1.815E-07
  1186.00 4.022E-07 4.022E-07 4.022E-07 2.129E-07
  1184.00 3.970E-07 3.970E-07 3.970E-07 2.102E-07
  1182.00 3.790E-07 3.790E-07 3.790E-07 2.007E-07
  1180.00 3.996E-07 3.996E-07 3.996E-07 2.116E-07
  1178.00 4.795E-07 4.795E-07 4.795E-07 2.539E-07
  1176.00 4.151E-07 4.151E-07 4.151E-07 2.198E-07
  1174.00 4.305E-07 4.305E-07 4.305E-07 2.280E-07
  1172.00 4.460E-07 4.460E-07 4.460E-07 2.361E-07
  1170.00 4.383E-07 4.383E-07 4.383E-07 2.321E-07
  1168.00 4.460E-07 4.460E-07 4.460E-07 2.361E-07
  1166.00 4.151E-07 4.151E-07 4.151E-07 2.198E-07
  1164.00 4.898E-07 4.898E-07 4.898E-07 2.594E-07
  1162.00 4.486E-07 4.486E-07 4.486E-07 2.375E-07
  1160.00 4.976E-07 4.976E-07 4.976E-07 2.634E-07
  1158.00 5.027E-07 5.027E-07 5.027E-07 2.662E-07
  1156.00 5.104E-07 5.104E-07 5.104E-07 2.703E-07
  1154.00 5.130E-07 5.130E-07 5.130E-07 2.716E-07
  1152.00 5.517E-07 5.517E-07 5.517E-07 2.921E-07
  1150.00 6.110E-07 6.110E-07 6.110E-07 3.235E-07
  1148.00 6.290E-07 6.290E-07 6.290E-07 3.331E-07
  1146.00 5.208E-07 5.208E-07 5.208E-07 2.757E-07
  1144.00 5.723E-07 5.723E-07 5.723E-07 3.030E-07
  1142.00 5.156E-07 5.156E-07 5.156E-07 2.730E-07
  1140.00 6.522E-07 6.522E-07 6.522E-07 3.453E-07
  1138.00 5.620E-07 5.620E-07 5.620E-07 2.976E-07
  1136.00 5.646E-07 5.646E-07 5.646E-07 2.989E-07
  1134.00 5.800E-07 5.800E-07 5.800E-07 3.071E-07
  1132.00 5.904E-07 5.904E-07 5.904E-07 3.126E-07
  1130.00 6.368E-07 6.368E-07 6.368E-07 3.372E-07
  1128.00 6.110E-07 6.110E-07 6.110E-07 3.235E-07
  1126.00 6.419E-07 6.419E-07 6.419E-07 3.399E-07
  1124.00 7.218E-07 7.218E-07 7.218E-07 3.822E-07
  1122.00 6.625E-07 6.625E-07 6.625E-07 3.508E-07
  1120.00 6.883E-07 6.883E-07 6.883E-07 3.645E-07
  1118.00 6.239E-07 6.239E-07 6.239E-07 3.303E-07
  1116.00 6.522E-07 6.522E-07 6.522E-07 3.453E-07
  1114.00 6.780E-07 6.780E-07 6.780E-07 3.590E-07
  1112.00 7.244E-07 7.244E-07 7.244E-07 3.836E-07
  1110.00 6.806E-07 6.806E-07 6.806E-07 3.604E-07
  1108.00 7.399E-07 7.399E-07 7.399E-07 3.918E-07
  1106.00 6.986E-07 6.986E-07 6.986E-07 3.699E-07
  1104.00 7.476E-07 7.476E-07 7.476E-07 3.959E-07
  1102.00 7.193E-07 7.193E-07 7.193E-07 3.808E-07
  1100.00 7.322E-07 7.322E-07 7.322E-07 3.877E-07
  1098.00 7.837E-07 7.837E-07 7.837E-07 4.150E-07
  1096.00 7.347E-07 7.347E-07 7.347E-07 3.890E-07
  1094.00 7.425E-07 7.425E-07 7.425E-07 3.931E-07
  1092.00 7.554E-07 7.554E-07 7.554E-07 3.999E-07
  1090.00 7.425E-07 7.425E-07 7.425E-07 3.931E-07
  1088.00 8.146E-07 8.146E-07 8.146E-07 4.313E-07
  1086.00 8.611E-07 8.611E-07 8.611E-07 4.559E-07
  1084.00 7.914E-07 7.914E-07 7.914E-07 4.191E-07
  1082.00 8.172E-07 8.172E-07 8.172E-07 4.327E-07
  1080.00 8.327E-07 8.327E-07 8.327E-07 4.409E-07
  1078.00 8.559E-07 8.559E-07 8.559E-07 4.532E-07
  1076.00 8.430E-07 8.430E-07 8.430E-07 4.464E-07
  1074.00 8.920E-07 8.920E-07 8.920E-07 4.723E-07
  1072.00 8.353E-07 8.353E-07 8.353E-07 4.423E-07
  1070.00 8.894E-07 8.894E-07 8.894E-07 4.709E-07
  1068.00 9.152E-07 9.152E-07 9.152E-07 4.846E-07
  1066.00 9.075E-07 9.075E-07 9.075E-07 4.805E-07
  1064.00 9.900E-07 9.900E-07 9.900E-07 5.242E-07
  1062.00 9.307E-07 9.307E-07 9.307E-07 4.928E-07
  1060.00 9.255E-07 9.255E-07 9.255E-07 4.900E-07
  1058.00 9.410E-07 9.410E-07 9.410E-07 4.982E-07
  1056.00 9.410E-07 9.410E-07 9.410E-07 4.982E-07
  1054.00 1.013E-06 1.013E-06 1.013E-06 5.364E-07
  1052.00 1.060E-06 1.060E-06 1.060E-06 5.610E-07
  1050.00 1.021E-06 1.021E-06 1.021E-06 5.405E-07
  1048.00 1.000E-06 1.000E-06 1.000E-06 5.296E-07
  1046.00 1.016E-06 1.016E-06 1.016E-06 5.378E-07
  1044.00 1.044E-06 1.044E-06 1.044E-06 5.528E-07
  1042.00 1.026E-06 1.026E-06 1.026E-06 5.433E-07
  1040.00 9.951E-07 9.951E-07 9.951E-07 5.269E-07
  1038.00 1.052E-06 1.052E-06 1.052E-06 5.569E-07
  1036.00 1.060E-06 1.060E-06 1.060E-06 5.610E-07
  1034.00 1.085E-06 1.085E-06 1.085E-06 5.747E-07
  1032.00 1.119E-06 1.119E-06 1.119E-06 5.924E-07
  1030.00 1.155E-06 1.155E-06 1.155E-06 6.115E-07
  1028.00 1.173E-06 1.173E-06 1.173E-06 6.211E-07
  1026.00 1.178E-06 1.178E-06 1.178E-06 6.238E-07
  1024.00 1.196E-06 1.196E-06 1.196E-06 6.334E-07
  1022.00 1.219E-06 1.219E-06 1.219E-06 6.456E-07
  1020.00 1.188E-06 1.188E-06 1.188E-06 6.293E-07
  1018.00 1.263E-06 1.263E-06 1.263E-06 6.688E-07
  1016.00 1.225E-06 1.225E-06 1.225E-06 6.484E-07
  1014.00 1.222E-06 1.222E-06 1.222E-06 6.470E-07
  1012.00 1.227E-06 1.227E-06 1.227E-06 6.497E-07
  1010.00 1.253E-06 1.253E-06 1.253E-06 6.634E-07
  1008.00 1.307E-06 1.307E-06 1.307E-06 6.921E-07
  1006.00 1.281E-06 1.281E-06 1.281E-06 6.784E-07
  1004.00 1.243E-06 1.243E-06 1.243E-06 6.579E-07
  1002.00 1.302E-06 1.302E-06 1.302E-06 6.893E-07
  1000.00 1.297E-06 1.297E-06 1.297E-06 6.866E-07
   998.00 1.351E-06 1.351E-06 1.351E-06 7.153E-07
   996.00 1.418E-06 1.418E-06 1.418E-06 7.508E-07
   994.00 1.402E-06 1.402E-06 1.402E-06 7.426E-07
   992.00 1.356E-06 1.356E-06 1.356E-06 7.180E-07
   990.00 1.353E-06 1.353E-06 1.353E-06 7.166E-07
   988.00 1.516E-06 1.516E-06 1.516E-06 8.026E-07
   986.00 1.459E-06 1.459E-06 1.459E-06 7.726E-07
   984.00 1.397E-06 1.397E-06 1.397E-06 7.398E-07
   982.00 1.480E-06 1.480E-06 1.480E-06 7.835E-07
   980.00 1.555E-06 1.555E-06 1.555E-06 8.231E-07
   978.00 1.423E-06 1.423E-06 1.423E-06 7.535E-07
   976.00 1.539E-06 1.539E-06 1.539E-06 8.149E-07
   974.00 1.598E-06 1.598E-06 1.598E-06 8.463E-07
   972.00 1.598E-06 1.598E-06 1.598E-06 8.463E-07
   970.00 1.660E-06 1.660E-06 1.660E-06 8.791E-07
   968.00 1.570E-06 1.570E-06 1.570E-06 8.313E-07
   966.00 1.604E-06 1.604E-06 1.604E-06 8.490E-07
   964.00 1.616E-06 1.616E-06 1.616E-06 8.559E-07
   962.00 1.637E-06 1.637E-06 1.637E-06 8.668E-07
   960.00 1.598E-06 1.598E-06 1.598E-06 8.463E-07
   958.00 1.761E-06 1.761E-06 1.761E-06 9.323E-07
   956.00 1.642E-06 1.642E-06 1.642E-06 8.695E-07
   954.00 1.691E-06 1.691E-06 1.691E-06 8.954E-07
   952.00 1.745E-06 1.745E-06 1.745E-06 9.241E-07
   950.00 1.815E-06 1.815E-06 1.815E-06 9.610E-07
   948.00 1.794E-06 1.794E-06 1.794E-06 9.500E-07
   946.00 1.841E-06 1.841E-06 1.841E-06 9.746E-07
   944.00 1.854E-06 1.854E-06 1.854E-06 9.814E-07
   942.00 1.836E-06 1.836E-06 1.836E-06 9.719E-07
   940.00 1.895E-06 1.895E-06 1.895E-06 1.003E-06
   938.00 1.815E-06 1.815E-06 1.815E-06 9.610E-07
   936.00 1.900E-06 1.900E-06 1.900E-06 1.006E-06
   934.00 1.975E-06 1.975E-06 1.975E-06 1.046E-06
   932.00 2.001E-06 2.001E-06 2.001E-06 1.059E-06
   930.00 1.890E-06 1.890E-06 1.890E-06 1.001E-06
   928.00 2.122E-06 2.122E-06 2.122E-06 1.123E-06
   926.00 2.001E-06 2.001E-06 2.001E-06 1.059E-06
   924.00 2.065E-06 2.065E-06 2.065E-06 1.093E-06
   922.00 2.132E-06 2.132E-06 2.132E-06 1.129E-06
   920.00 2.150E-06 2.150E-06 2.150E-06 1.138E-06
   918.00 2.135E-06 2.135E-06 2.135E-06 1.130E-06
   916.00 2.119E-06 2.119E-06 2.119E-06 1.122E-06
   914.00 2.284E-06 2.284E-06 2.284E-06 1.209E-06
   912.00 2.068E-06 2.068E-06 2.068E-06 1.095E-06
   910.00 2.263E-06 2.263E-06 2.263E-06 1.198E-06
   908.00 2.191E-06 2.191E-06 2.191E-06 1.160E-06
   906.00 2.292E-06 2.292E-06 2.292E-06 1.213E-06
   904.00 2.269E-06 2.269E-06 2.269E-06 1.201E-06
   902.00 2.233E-06 2.233E-06 2.233E-06 1.182E-06
   900.00 2.390E-06 2.390E-06 2.390E-06 1.265E-06
   898.00 2.297E-06 2.297E-06 2.297E-06 1.216E-06
   896.00 2.369E-06 2.369E-06 2.369E-06 1.254E-06
   894.00 2.423E-06 2.423E-06 2.423E-06 1.283E-06
   892.00 2.496E-06 2.496E-06 2.496E-06 1.321E-06
   890.00 2.604E-06 2.604E-06 2.604E-06 1.379E-06
   888.00 2.630E-06 2.630E-06 2.630E-06 1.392E-06
   886.00 2.655E-06 2.655E-06 2.655E-06 1.406E-06
   884.00 2.529E-06 2.529E-06 2.529E-06 1.339E-06
   882.00 2.630E-06 2.630E-06 2.630E-06 1.392E-06
   880.00 2.784E-06 2.784E-06 2.784E-06 1.474E-06
   878.00 2.810E-06 2.810E-06 2.810E-06 1.488E-06
   876.00 2.681E-06 2.681E-06 2.681E-06 1.420E-06
   874.00 2.810E-06 2.810E-06 2.810E-06 1.488E-06
   872.00 2.784E-06 2.784E-06 2.784E-06 1.474E-06
   870.00 2.758E-06 2.758E-06 2.758E-06 1.461E-06
   868.00 2.836E-06 2.836E-06 2.836E-06 1.502E-06
   866.00 2.965E-06 2.965E-06 2.965E-06 1.570E-06
   864.00 2.990E-06 2.990E-06 2.990E-06 1.583E-06
   862.00 3.016E-06 3.016E-06 3.016E-06 1.597E-06
   860.00 2.990E-06 2.990E-06 2.990E-06 1.583E-06
   858.00 3.197E-06 3.197E-06 3.197E-06 1.693E-06
   856.00 3.119E-06 3.119E-06 3.119E-06 1.652E-06
   854.00 3.197E-06 3.197E-06 3.197E-06 1.693E-06
   852.00 3.300E-06 3.300E-06 3.300E-06 1.747E-06
   850.00 3.171E-06 3.171E-06 3.171E-06 1.679E-06
   848.00 3.248E-06 3.248E-06 3.248E-06 1.720E-06
   846.00 3.274E-06 3.274E-06 3.274E-06 1.734E-06
   844.00 3.377E-06 3.377E-06 3.377E-06 1.788E-06
   842.00 3.506E-06 3.506E-06 3.506E-06 1.856E-06
   840.00 3.583E-06 3.583E-06 3.583E-06 1.897E-06
   838.00 3.480E-06 3.480E-06 3.480E-06 1.843E-06
   836.00 3.738E-06 3.738E-06 3.738E-06 1.979E-06
   834.00 3.558E-06 3.558E-06 3.558E-06 1.884E-06
   832.00 3.687E-06 3.687E-06 3.687E-06 1.952E-06
   830.00 3.609E-06 3.609E-06 3.609E-06 1.911E-06
   828.00 3.764E-06 3.764E-06 3.764E-06 1.993E-06
   826.00 3.764E-06 3.764E-06 3.764E-06 1.993E-06
   824.00 3.944E-06 3.944E-06 3.944E-06 2.088E-06
   822.00 3.815E-06 3.815E-06 3.815E-06 2.020E-06
   820.00 3.970E-06 3.970E-06 3.970E-06 2.102E-06
   818.00 4.073E-06 4.073E-06 4.073E-06 2.157E-06
   816.00 3.970E-06 3.970E-06 3.970E-06 2.102E-06
   814.00 4.047E-06 4.047E-06 4.047E-06 2.143E-06
   812.00 4.151E-06 4.151E-06 4.151E-06 2.198E-06
   810.00 4.151E-06 4.151E-06 4.151E-06 2.198E-06
   808.00 4.408E-06 4.408E-06 4.408E-06 2.334E-06
   806.00 4.460E-06 4.460E-06 4.460E-06 2.361E-06
   804.00 4.408E-06 4.408E-06 4.408E-06 2.334E-06
   802.00 4.486E-06 4.486E-06 4.486E-06 2.375E-06
   800.00 4.511E-06 4.511E-06 4.511E-06 2.389E-06
   798.00 4.589E-06 4.589E-06 4.589E-06 2.430E-06
   796.00 4.615E-06 4.615E-06 4.615E-06 2.443E-06
   794.00 4.924E-06 4.924E-06 4.924E-06 2.607E-06
   792.00 4.795E-06 4.795E-06 4.795E-06 2.539E-06
   790.00 4.795E-06 4.795E-06 4.795E-06 2.539E-06
   788.00 4.769E-06 4.769E-06 4.769E-06 2.525E-06
   786.00 4.898E-06 4.898E-06 4.898E-06 2.594E-06
   784.00 5.027E-06 5.027E-06 5.027E-06 2.662E-06
   782.00 5.053E-06 5.053E-06 5.053E-06 2.675E-06
   780.00 5.233E-06 5.233E-06 5.233E-06 2.771E-06
   778.00 5.259E-06 5.259E-06 5.259E-06 2.785E-06
   776.00 5.156E-06 5.156E-06 5.156E-06 2.730E-06
   774.00 5.414E-06 5.414E-06 5.414E-06 2.866E-06
   772.00 5.388E-06 5.388E-06 5.388E-06 2.853E-06
   770.00 5.594E-06 5.594E-06 5.594E-06 2.962E-06
   768.00 5.491E-06 5.491E-06 5.491E-06 2.907E-06
   766.00 5.646E-06 5.646E-06 5.646E-06 2.989E-06
   764.00 5.800E-06 5.800E-06 5.800E-06 3.071E-06
   762.00 5.723E-06 5.723E-06 5.723E-06 3.030E-06
   760.00 5.955E-06 5.955E-06 5.955E-06 3.153E-06
   758.00 5.981E-06 5.981E-06 5.981E-06 3.167E-06
   756.00 6.161E-06 6.161E-06 6.161E-06 3.262E-06
   754.00 6.161E-06 6.161E-06 6.161E-06 3.262E-06
   752.00 6.342E-06 6.342E-06 6.342E-06 3.358E-06
   750.00 6.548E-06 6.548E-06 6.548E-06 3.467E-06
   748.00 6.625E-06 6.625E-06 6.625E-06 3.508E-06
   746.00 6.703E-06 6.703E-06 6.703E-06 3.549E-06
   744.00 6.471E-06 6.471E-06 6.471E-06 3.426E-06
   742.00 6.703E-06 6.703E-06 6.703E-06 3.549E-06
   740.00 6.986E-06 6.986E-06 6.986E-06 3.699E-06
   738.00 6.986E-06 6.986E-06 6.986E-06 3.699E-06
   736.00 7.141E-06 7.141E-06 7.141E-06 3.781E-06
   734.00 7.193E-06 7.193E-06 7.193E-06 3.808E-06
   732.00 7.270E-06 7.270E-06 7.270E-06 3.849E-06
   730.00 7.425E-06 7.425E-06 7.425E-06 3.931E-06
   728.00 7.502E-06 7.502E-06 7.502E-06 3.972E-06
   726.00 7.399E-06 7.399E-06 7.399E-06 3.918E-06
   724.00 7.605E-06 7.605E-06 7.605E-06 4.027E-06
   722.00 7.760E-06 7.760E-06 7.760E-06 4.109E-06
   720.00 8.069E-06 8.069E-06 8.069E-06 4.272E-06
   718.00 8.121E-06 8.121E-06 8.121E-06 4.300E-06
   716.00 8.275E-06 8.275E-06 8.275E-06 4.382E-06
   714.00 8.275E-06 8.275E-06 8.275E-06 4.382E-06
   712.00 8.378E-06 8.378E-06 8.378E-06 4.436E-06
   710.00 8.739E-06 8.739E-06 8.739E-06 4.627E-06
   708.00 8.868E-06 8.868E-06 8.868E-06 4.696E-06
   706.00 8.817E-06 8.817E-06 8.817E-06 4.668E-06
   704.00 8.688E-06 8.688E-06 8.688E-06 4.600E-06
   702.00 9.126E-06 9.126E-06 9.126E-06 4.832E-06
   700.00 9.410E-06 9.410E-06 9.410E-06 4.982E-06
   698.00 9.332E-06 9.332E-06 9.332E-06 4.941E-06
   696.00 9.229E-06 9.229E-06 9.229E-06 4.887E-06
   694.00 9.642E-06 9.642E-06 9.642E-06 5.105E-06
   692.00 9.745E-06 9.745E-06 9.745E-06 5.160E-06
   690.00 9.951E-06 9.951E-06 9.951E-06 5.269E-06
   688.00 1.003E-05 1.003E-05 1.003E-05 5.310E-06
   686.00 1.021E-05 1.021E-05 1.021E-05 5.405E-06
   684.00 1.029E-05 1.029E-05 1.029E-05 5.446E-06
   682.00 1.052E-05 1.052E-05 1.052E-05 5.569E-06
   680.00 1.026E-05 1.026E-05 1.026E-05 5.433E-06
   678.00 1.093E-05 1.093E-05 1.093E-05 5.788E-06
   676.00 1.067E-05 1.067E-05 1.067E-05 5.651E-06
   674.00 1.096E-05 1.096E-05 1.096E-05 5.801E-06
   672.00 1.158E-05 1.158E-05 1.158E-05 6.129E-06
   670.00 1.145E-05 1.145E-05 1.145E-05 6.061E-06
   668.00 1.134E-05 1.134E-05 1.134E-05 6.006E-06
   666.00 1.181E-05 1.181E-05 1.181E-05 6.252E-06
   664.00 1.214E-05 1.214E-05 1.214E-05 6.429E-06
   662.00 1.225E-05 1.225E-05 1.225E-05 6.484E-06
   660.00 1.235E-05 1.235E-05 1.235E-05 6.538E-06
   658.00 1.263E-05 1.263E-05 1.263E-05 6.689E-06
   656.00 1.289E-05 1.289E-05 1.289E-05 6.825E-06
   654.00 1.299E-05 1.299E-05 1.299E-05 6.880E-06
   652.00 1.310E-05 1.310E-05 1.310E-05 6.934E-06
   650.00 1.361E-05 1.361E-05 1.361E-05 7.207E-06
   648.00 1.356E-05 1.356E-05 1.356E-05 7.180E-06
   646.00 1.415E-05 1.415E-05 1.415E-05 7.494E-06
   644.00 1.387E-05 1.387E-05 1.387E-05 7.344E-06
   642.00 1.426E-05 1.426E-05 1.426E-05 7.548E-06
   640.00 1.439E-05 1.439E-05 1.439E-05 7.617E-06
   638.00 1.462E-05 1.462E-05 1.462E-05 7.740E-06
   636.00 1.480E-05 1.480E-05 1.480E-05 7.835E-06
   634.00 1.526E-05 1.526E-05 1.526E-05 8.081E-06
   632.00 1.524E-05 1.524E-05 1.524E-05 8.067E-06
   630.00 1.547E-05 1.547E-05 1.547E-05 8.190E-06
   628.00 1.606E-05 1.606E-05 1.606E-05 8.504E-06
   626.00 1.634E-05 1.634E-05 1.634E-05 8.654E-06
   624.00 1.645E-05 1.645E-05 1.645E-05 8.709E-06
   622.00 1.647E-05 1.647E-05 1.647E-05 8.722E-06
   620.00 1.722E-05 1.722E-05 1.722E-05 9.118E-06
   618.00 1.689E-05 1.689E-05 1.689E-05 8.941E-06
   616.00 1.763E-05 1.763E-05 1.763E-05 9.337E-06
   614.00 1.828E-05 1.828E-05 1.828E-05 9.678E-06
   612.00 1.838E-05 1.838E-05 1.838E-05 9.732E-06
   610.00 1.836E-05 1.836E-05 1.836E-05 9.719E-06
   608.00 1.846E-05 1.846E-05 1.846E-05 9.773E-06
   606.00 1.908E-05 1.908E-05 1.908E-05 1.010E-05
   604.00 1.921E-05 1.921E-05 1.921E-05 1.017E-05
   602.00 1.954E-05 1.954E-05 1.954E-05 1.035E-05
   600.00 2.003E-05 2.003E-05 2.003E-05 1.061E-05
   598.00 2.073E-05 2.073E-05 2.073E-05 1.097E-05
   596.00 2.062E-05 2.062E-05 2.062E-05 1.092E-05
   594.00 2.047E-05 2.047E-05 2.047E-05 1.084E-05
   592.00 2.109E-05 2.109E-05 2.109E-05 1.117E-05
   590.00 2.173E-05 2.173E-05 2.173E-05 1.151E-05
   588.00 2.225E-05 2.225E-05 2.225E-05 1.178E-05
   586.00 2.256E-05 2.256E-05 2.256E-05 1.194E-05
   584.00 2.287E-05 2.287E-05 2.287E-05 1.211E-05
   582.00 2.315E-05 2.315E-05 2.315E-05 1.226E-05
   580.00 2.333E-05 2.333E-05 2.333E-05 1.235E-05
   578.00 2.395E-05 2.395E-05 2.395E-05 1.268E-05
   576.00 2.441E-05 2.441E-05 2.441E-05 1.293E-05
   574.00 2.488E-05 2.488E-05 2.488E-05 1.317E-05
   572.00 2.506E-05 2.506E-05 2.506E-05 1.327E-05
   570.00 2.563E-05 2.563E-05 2.563E-05 1.357E-05
   568.00 2.578E-05 2.578E-05 2.578E-05 1.365E-05
   566.00 2.630E-05 2.630E-05 2.630E-05 1.392E-05
   564.00 2.630E-05 2.630E-05 2.630E-05 1.392E-05
   562.00 2.733E-05 2.733E-05 2.733E-05 1.447E-05
   560.00 2.758E-05 2.758E-05 2.758E-05 1.461E-05
   558.00 2.836E-05 2.836E-05 2.836E-05 1.502E-05
   556.00 2.862E-05 2.862E-05 2.862E-05 1.515E-05
   554.00 2.965E-05 2.965E-05 2.965E-05 1.570E-05
   552.00 2.990E-05 2.990E-05 2.990E-05 1.583E-05
   550.00 3.042E-05 3.042E-05 3.042E-05 1.611E-05
   548.00 3.119E-05 3.119E-05 3.119E-05 1.652E-05
   546.00 3.145E-05 3.145E-05 3.145E-05 1.665E-05
   544.00 3.197E-05 3.197E-05 3.197E-05 1.693E-05
   542.00 3.222E-05 3.222E-05 3.222E-05 1.706E-05
   540.00 3.300E-05 3.300E-05 3.300E-05 1.747E-05
   538.00 3.377E-05 3.377E-05 3.377E-05 1.788E-05
   536.00 3.455E-05 3.455E-05 3.455E-05 1.829E-05
   534.00 3.532E-05 3.532E-05 3.532E-05 1.870E-05
   532.00 3.532E-05 3.532E-05 3.532E-05 1.870E-05
   530.00 3.635E-05 3.635E-05 3.635E-05 1.925E-05
   528.00 3.712E-05 3.712E-05 3.712E-05 1.966E-05
   526.00 3.790E-05 3.790E-05 3.790E-05 2.007E-05
   524.00 3.841E-05 3.841E-05 3.841E-05 2.034E-05
   522.00 3.841E-05 3.841E-05 3.841E-05 2.034E-05
   520.00 3.970E-05 3.970E-05 3.970E-05 2.102E-05
   518.00 4.073E-05 4.073E-05 4.073E-05 2.157E-05
   516.00 4.099E-05 4.099E-05 4.099E-05 2.170E-05
   514.00 4.176E-05 4.176E-05 4.176E-05 2.211E-05
   512.00 4.305E-05 4.305E-05 4.305E-05 2.280E-05
   510.00 4.408E-05 4.408E-05 4.408E-05 2.334E-05
   508.00 4.537E-05 4.537E-05 4.537E-05 2.402E-05
   506.00 4.537E-05 4.537E-05 4.537E-05 2.402E-05
   504.00 4.640E-05 4.640E-05 4.640E-05 2.457E-05
   502.00 4.692E-05 4.692E-05 4.692E-05 2.484E-05
   500.00 4.769E-05 4.769E-05 4.769E-05 2.525E-05
   498.00 4.924E-05 4.924E-05 4.924E-05 2.607E-05
   496.00 4.924E-05 4.924E-05 4.924E-05 2.607E-05
   494.00 5.079E-05 5.079E-05 5.079E-05 2.689E-05
   492.00 5.079E-05 5.079E-05 5.079E-05 2.689E-05
   490.00 5.311E-05 5.311E-05 5.311E-05 2.812E-05
   488.00 5.388E-05 5.388E-05 5.388E-05 2.853E-05
   486.00 5.543E-05 5.543E-05 5.543E-05 2.935E-05
   484.00 5.594E-05 5.594E-05 5.594E-05 2.962E-05
   482.00 5.749E-05 5.749E-05 5.749E-05 3.044E-05
   480.00 5.800E-05 5.800E-05 5.800E-05 3.071E-05
   478.00 5.904E-05 5.904E-05 5.904E-05 3.126E-05
   476.00 6.033E-05 6.033E-05 6.033E-05 3.194E-05
   474.00 6.239E-05 6.239E-05 6.239E-05 3.303E-05
   472.00 6.290E-05 6.290E-05 6.290E-05 3.331E-05
   470.00 6.497E-05 6.497E-05 6.497E-05 3.440E-05
   468.00 6.651E-05 6.651E-05 6.651E-05 3.522E-05
   466.00 6.754E-05 6.754E-05 6.754E-05 3.576E-05
   464.00 6.832E-05 6.832E-05 6.832E-05 3.617E-05
   462.00 6.986E-05 6.986E-05 6.986E-05 3.699E-05
   460.00 7.193E-05 7.193E-05 7.193E-05 3.808E-05
   458.00 7.244E-05 7.244E-05 7.244E-05 3.836E-05
   456.00 7.502E-05 7.502E-05 7.502E-05 3.972E-05
   454.00 7.631E-05 7.631E-05 7.631E-05 4.040E-05
   452.00 7.811E-05 7.811E-05 7.811E-05 4.136E-05
   450.00 7.940E-05 7.940E-05 7.940E-05 4.204E-05
   448.00 8.121E-05 8.121E-05 8.121E-05 4.300E-05
   446.00 8.353E-05 8.353E-05 8.353E-05 4.423E-05
   444.00 8.559E-05 8.559E-05 8.559E-05 4.532E-05
   442.00 8.791E-05 8.791E-05 8.791E-05 4.655E-05
   440.00 8.843E-05 8.843E-05 8.843E-05 4.682E-05
   438.00 9.126E-05 9.126E-05 9.126E-05 4.832E-05
   436.00 9.281E-05 9.281E-05 9.281E-05 4.914E-05
   434.00 9.384E-05 9.384E-05 9.384E-05 4.969E-05
   432.00 9.616E-05 9.616E-05 9.616E-05 5.091E-05
   430.00 9.925E-05 9.925E-05 9.925E-05 5.255E-05
   428.00 1.008E-04 1.008E-04 1.008E-04 5.337E-05
   426.00 1.029E-04 1.029E-04 1.029E-04 5.446E-05
   424.00 1.047E-04 1.047E-04 1.047E-04 5.542E-05
   422.00 1.065E-04 1.065E-04 1.065E-04 5.637E-05
   420.00 1.093E-04 1.093E-04 1.093E-04 5.788E-05
   418.00 1.116E-04 1.116E-04 1.116E-04 5.910E-05
   416.00 1.137E-04 1.137E-04 1.137E-04 6.020E-05
   414.00 1.170E-04 1.170E-04 1.170E-04 6.197E-05
   412.00 1.188E-04 1.188E-04 1.188E-04 6.293E-05
   410.00 1.217E-04 1.217E-04 1.217E-04 6.443E-05
   408.00 1.237E-04 1.237E-04 1.237E-04 6.552E-05
   406.00 1.263E-04 1.263E-04 1.263E-04 6.689E-05
   404.00 1.281E-04 1.281E-04 1.281E-04 6.784E-05
   402.00 1.304E-04 1.304E-04 1.304E-04 6.907E-05
   400.00 1.335E-04 1.335E-04 1.335E-04 7.071E-05
   398.00 1.359E-04 1.359E-04 1.359E-04 7.194E-05
   396.00 1.387E-04 1.387E-04 1.387E-04 7.344E-05
   394.00 1.402E-04 1.402E-04 1.402E-04 7.426E-05
   392.00 1.418E-04 1.418E-04 1.418E-04 7.508E-05
   390.00 1.454E-04 1.454E-04 1.454E-04 7.699E-05
   388.00 1.475E-04 1.475E-04 1.475E-04 7.808E-05
   386.00 1.482E-04 1.482E-04 1.482E-04 7.849E-05
   384.00 1.485E-04 1.485E-04 1.485E-04 7.862E-05
   382.00 1.493E-04 1.493E-04 1.493E-04 7.903E-05
   380.00 1.511E-04 1.511E-04 1.511E-04 7.999E-05
   378.00 1.518E-04 1.518E-04 1.518E-04 8.040E-05
   376.00 1.503E-04 1.503E-04 1.503E-04 7.958E-05
   374.00 1.482E-04 1.482E-04 1.482E-04 7.849E-05
   372.00 1.454E-04 1.454E-04 1.454E-04 7.699E-05
   370.00 1.433E-04 1.433E-04 1.433E-04 7.589E-05
   368.00 1.405E-04 1.405E-04 1.405E-04 7.439E-05
   366.00 1.325E-04 1.325E-04 1.325E-04 7.016E-05
   364.00 1.232E-04 1.232E-04 1.232E-04 6.525E-05
   362.00 1.124E-04 1.124E-04 1.124E-04 5.951E-05
   360.00 9.900E-05 9.900E-05 9.900E-05 5.242E-05
   358.00 8.301E-05 8.301E-05 8.301E-05 4.395E-05
   356.00 6.368E-05 6.368E-05 6.368E-05 3.372E-05
   354.00 4.486E-05 4.486E-05 4.486E-05 2.375E-05
   352.00 2.733E-05 2.733E-05 2.733E-05 1.447E-05
   350.00 1.250E-05 1.250E-05 1.250E-05 6.620E-06
   348.00 3.326E-06 3.326E-06 3.326E-06 1.761E-06
   346.00 3.996E-07 3.996E-07 3.996E-07 2.116E-07
   344.00 2.178E-08 2.178E-08 2.178E-08 1.153E-08
   342.00 2.294E-09 2.294E-09 2.294E-09 1.215E-09
   340.00 0.000E+00 0.000E+00 0.000E+00 0.000E+00
   338.00 0.000E+00 0.000E+00 0.000E+00 0.000E+00
   336.00 0.000E+00 0.000E+00 0.000E+00 0.000E+00
   334.00 0.000E+00 0.000E+00 0.000E+00 0.000E+00
   332.00 0.000E+00 0.000E+00 0.000E+00 0.000E+00
   330.00 0.000E+00 0.000E+00 0.000E+00 0.000E+00
   328.00 0.000E+00 0.000E+00 0.000E+00 0.000E+00
   326.00 0.000E+00 0.000E+00 0.000E+00 0.000E+00
   324.00 0.000E+00 0.000E+00 0.000E+00 0.000E+00
   322.00 0.000E+00 0.000E+00 0.000E+00 0.000E+00
   320.00 0.000E+00 0.000E+00 0.000E+00 0.000E+00
   318.00 0.000E+00 0.000E+00 0.000E+00 0.000E+00
   316.00 0.000E+00 0.000E+00 0.000E+00 0.000E+00
   314.00 0.000E+00 0.000E+00 0.000E+00 0.000E+00
   312.00 0.000E+00 0.000E+00 0.000E+00 0.000E+00
   310.00 0.000E+00 0.000E+00 0.000E+00 0.000E+00
   308.00 0.000E+00 0.000E+00 0.000E+00 0.000E+00
   306.00 0.000E+00 0.000E+00 0.000E+00 0.000E+00
   304.00 0.000E+00 0.000E+00 0.000E+00 0.000E+00
   302.00 0.000E+00 0.000E+00 0.000E+00 0.000E+00
   300.00 0.000E+00 0.000E+00 0.000E+00 0.000E+00
   298.00 0.000E+00 0.000E+00 0.000E+00 0.000E+00
   296.00 0.000E+00 0.000E+00 0.000E+00 0.000E+00
   294.00 0.000E+00 0.000E+00 0.000E+00 0.000E+00
   292.00 0.000E+00 0.000E+00 0.000E+00 0.000E+00
   290.00 0.000E+00 0.000E+00 0.000E+00 0.000E+00
   288.00 0.000E+00 0.000E+00 0.000E+00 0.000E+00
   286.00 0.000E+00 0.000E+00 0.000E+00 0.000E+00
   284.00 0.000E+00 0.000E+00 0.000E+00 0.000E+00
   282.00 0.000E+00 0.000E+00 0.000E+00 0.000E+00
   280.00 0.000E+00 0.000E+00 0.000E+00 0.000E+00
   278.00 0.000E+00 0.000E+00 0.000E+00 0.000E+00
   276.00 0.000E+00 0.000E+00 0.000E+00 0.000E+00
   274.00 0.000E+00 0.000E+00 0.000E+00 0.000E+00
   272.00 0.000E+00 0.000E+00 0.000E+00 0.000E+00
   270.00 0.000E+00 0.000E+00 0.000E+00 0.000E+00
   268.00 0.000E+00 0.000E+00 0.000E+00 0.000E+00
   266.00 0.000E+00 0.000E+00 0.000E+00 0.000E+00
   264.00 0.000E+00 0.000E+00 0.000E+00 0.000E+00
   262.00 0.000E+00 0.000E+00 0.000E+00 0.000E+00
   260.00 0.000E+00 0.000E+00 0.000E+00 0.000E+00
   258.00 0.000E+00 0.000E+00 0.000E+00 0.000E+00
   256.00 0.000E+00 0.000E+00 0.000E+00 0.000E+00
   254.00 0.000E+00 0.000E+00 0.000E+00 0.000E+00
   252.00 0.000E+00 0.000E+00 0.000E+00 0.000E+00
   250.00 0.000E+00 0.000E+00 0.000E+00 0.000E+00
   248.00 0.000E+00 0.000E+00 0.000E+00 0.000E+00
   246.00 0.000E+00 0.000E+00 0.000E+00 0.000E+00
   244.00 0.000E+00 0.000E+00 0.000E+00 0.000E+00
   242.00 0.000E+00 0.000E+00 0.000E+00 0.000E+00
   240.00 0.000E+00 0.000E+00 0.000E+00 0.000E+00
   238.00 0.000E+00 0.000E+00 0.000E+00 0.000E+00
   236.00 0.000E+00 0.000E+00 0.000E+00 0.000E+00
   234.00 0.000E+00 0.000E+00 0.000E+00 0.000E+00
   232.00 0.000E+00 0.000E+00 0.000E+00 0.000E+00
   230.00 0.000E+00 0.000E+00 0.000E+00 0.000E+00
   228.00 0.000E+00 0.000E+00 0.000E+00 0.000E+00
   226.00 0.000E+00 0.000E+00 0.000E+00 0.000E+00
   224.00 0.000E+00 0.000E+00 0.000E+00 0.000E+00
   222.00 0.000E+00 0.000E+00 0.000E+00 0.000E+00
   220.00 0.000E+00 0.000E+00 0.000E+00 0.000E+00
   218.00 0.000E+00 0.000E+00 0.000E+00 0.000E+00
   216.00 0.000E+00 0.000E+00 0.000E+00 0.000E+00
   214.00 0.000E+00 0.000E+00 0.000E+00 0.000E+00
   212.00 0.000E+00 0.000E+00 0.000E+00 0.000E+00
   210.00 0.000E+00 0.000E+00 0.000E+00 0.000E+00
   208.00 0.000E+00 0.000E+00 0.000E+00 0.000E+00
   206.00 0.000E+00 0.000E+00 0.000E+00 0.000E+00
   204.00 0.000E+00 0.000E+00 0.000E+00 0.000E+00
   202.00 0.000E+00 0.000E+00 0.000E+00 0.000E+00
   200.00 0.000E+00 0.000E+00 0.000E+00 0.000E+00
   198.00 0.000E+00 0.000E+00 0.000E+00 0.000E+00
   196.00 0.000E+00 0.000E+00 0.000E+00 0.000E+00
   194.00 0.000E+00 0.000E+00 0.000E+00 0.000E+00
   192.00 0.000E+00 0.000E+00 0.000E+00 0.000E+00
   190.00 0.000E+00 0.000E+00 0.000E+00 0.000E+00
   188.00 0.000E+00 0.000E+00 0.000E+00 0.000E+00
   186.00 0.000E+00 0.000E+00 0.000E+00 0.000E+00
   184.00 0.000E+00 0.000E+00 0.000E+00 0.000E+00
   182.00 0.000E+00 0.000E+00 0.000E+00 0.000E+00
   180.00 0.000E+00 0.000E+00 0.000E+00 0.000E+00
   178.00 0.000E+00 0.000E+00 0.000E+00 0.000E+00
   176.00 0.000E+00 0.000E+00 0.000E+00 0.000E+00
   174.00 0.000E+00 0.000E+00 0.000E+00 0.000E+00
   172.00 0.000E+00 0.000E+00 0.000E+00 0.000E+00
   170.00 0.000E+00 0.000E+00 0.000E+00 0.000E+00
   168.00 0.000E+00 0.000E+00 0.000E+00 0.000E+00
   166.00 0.000E+00 0.000E+00 0.000E+00 0.000E+00
   164.00 0.000E+00 0.000E+00 0.000E+00 0.000E+00
   162.00 0.000E+00 0.000E+00 0.000E+00 0.000E+00
   160.00 0.000E+00 0.000E+00 0.000E+00 0.000E+00
   158.00 0.000E+00 0.000E+00 0.000E+00 0.000E+00
   156.00 0.000E+00 0.000E+00 0.000E+00 0.000E+00
   154.00 0.000E+00 0.000E+00 0.000E+00 0.000E+00
   152.00 0.000E+00 0.000E+00 0.000E+00 0.000E+00
   150.00 0.000E+00 0.000E+00 0.000E+00 0.000E+00
   148.00 0.000E+00 0.000E+00 0.000E+00 0.000E+00
   146.00 0.000E+00 0.000E+00 0.000E+00 0.000E+00
   144.00 0.000E+00 0.000E+00 0.000E+00 0.000E+00
   142.00 0.000E+00 0.000E+00 0.000E+00 0.000E+00
   140.00 0.000E+00 0.000E+00 0.000E+00 0.000E+00
   138.00 0.000E+00 0.000E+00 0.000E+00 0.000E+00
   136.00 0.000E+00 0.000E+00 0.000E+00 0.000E+00
   134.00 0.000E+00 0.000E+00 0.000E+00 0.000E+00
   132.00 0.000E+00 0.000E+00 0.000E+00 0.000E+00
   130.00 0.000E+00 0.000E+00 0.000E+00 0.000E+00
   128.00 0.000E+00 0.000E+00 0.000E+00 0.000E+00
   126.00 0.000E+00 0.000E+00 0.000E+00 0.000E+00
   124.00 0.000E+00 0.000E+00 0.000E+00 0.000E+00
   122.00 0.000E+00 0.000E+00 0.000E+00 0.000E+00
   120.00 0.000E+00 0.000E+00 0.000E+00 0.000E+00
   118.00 0.000E+00 0.000E+00 0.000E+00 0.000E+00
   116.00 0.000E+00 0.000E+00 0.000E+00 0.000E+00
   114.00 0.000E+00 0.000E+00 0.000E+00 0.000E+00
   112.00 0.000E+00 0.000E+00 0.000E+00 0.000E+00
   110.00 0.000E+00 0.000E+00 0.000E+00 0.000E+00
   108.00 0.000E+00 0.000E+00 0.000E+00 0.000E+00
   106.00 0.000E+00 0.000E+00 0.000E+00 0.000E+00
   104.00 0.000E+00 0.000E+00 0.000E+00 0.000E+00
   102.00 0.000E+00 0.000E+00 0.000E+00 0.000E+00
   100.00 0.000E+00 0.000E+00 0.000E+00 0.000E+00
    98.00 0.000E+00 0.000E+00 0.000E+00 0.000E+00
    96.00 0.000E+00 0.000E+00 0.000E+00 0.000E+00
    94.00 0.000E+00 0.000E+00 0.000E+00 0.000E+00
    92.00 0.000E+00 0.000E+00 0.000E+00 0.000E+00
    90.00 0.000E+00 0.000E+00 0.000E+00 0.000E+00
    88.00 0.000E+00 0.000E+00 0.000E+00 0.000E+00
    86.00 0.000E+00 0.000E+00 0.000E+00 0.000E+00
    84.00 0.000E+00 0.000E+00 0.000E+00 0.000E+00
    82.00 0.000E+00 0.000E+00 0.000E+00 0.000E+00
    80.00 0.000E+00 0.000E+00 0.000E+00 0.000E+00
    78.00 0.000E+00 0.000E+00 0.000E+00 0.000E+00
    76.00 0.000E+00 0.000E+00 0.000E+00 0.000E+00
    74.00 0.000E+00 0.000E+00 0.000E+00 0.000E+00
    72.00 0.000E+00 0.000E+00 0.000E+00 0.000E+00
    70.00 0.000E+00 0.000E+00 0.000E+00 0.000E+00
    68.00 0.000E+00 0.000E+00 0.000E+00 0.000E+00
    66.00 0.000E+00 0.000E+00 0.000E+00 0.000E+00
    64.00 0.000E+00 0.000E+00 0.000E+00 0.000E+00
    62.00 0.000E+00 0.000E+00 0.000E+00 0.000E+00
    60.00 0.000E+00 0.000E+00 0.000E+00 0.000E+00
    58.00 0.000E+00 0.000E+00 0.000E+00 0.000E+00
    56.00 0.000E+00 0.000E+00 0.000E+00 0.000E+00
    54.00 0.000E+00 0.000E+00 0.000E+00 0.000E+00
    52.00 0.000E+00 0.000E+00 0.000E+00 0.000E+00
    50.00 0.000E+00 0.000E+00 0.000E+00 0.000E+00
    48.00 0.000E+00 0.000E+00 0.000E+00 0.000E+00
    46.00 0.000E+00 0.000E+00 0.000E+00 0.000E+00
    44.00 0.000E+00 0.000E+00 0.000E+00 0.000E+00
    42.00 0.000E+00 0.000E+00 0.000E+00 0.000E+00
    40.00 0.000E+00 0.000E+00 0.000E+00 0.000E+00
    38.00 0.000E+00 0.000E+00 0.000E+00 0.000E+00
    36.00 0.000E+00 0.000E+00 0.000E+00 0.000E+00
    34.00 0.000E+00 0.000E+00 0.000E+00 0.000E+00
    32.00 0.000E+00 0.000E+00 0.000E+00 0.000E+00
    30.00 0.000E+00 0.000E+00 0.000E+00 0.000E+00
    28.00 0.000E+00 0.000E+00 0.000E+00 0.000E+00
    26.00 0.000E+00 0.000E+00 0.000E+00 0.000E+00
    24.00 0.000E+00 0.000E+00 0.000E+00 0.000E+00
    22.00 0.000E+00 0.000E+00 0.000E+00 0.000E+00
    20.00 0.000E+00 0.000E+00 0.000E+00 0.000E+00
    18.00 0.000E+00 0.000E+00 0.000E+00 0.000E+00
    16.00 0.000E+00 0.000E+00 0.000E+00 0.000E+00
    14.00 0.000E+00 0.000E+00 0.000E+00 0.000E+00
    12.00 0.000E+00 0.000E+00 0.000E+00 0.000E+00
    10.00 0.000E+00 0.000E+00 0.000E+00 0.000E+00
     8.00 0.000E+00 0.000E+00 0.000E+00 0.000E+00
     6.00 0.000E+00 0.000E+00 0.000E+00 0.000E+00
     4.00 0.000E+00 0.000E+00 0.000E+00 0.000E+00
     2.00 0.000E+00 0.000E+00 0.000E+00 0.000E+00
     0.00 0.000E+00 0.000E+00 0.000E+00 0.000E+00
    -2.00 0.000E+00 0.000E+00 0.000E+00 0.000E+00
    -4.00 0.000E+00 0.000E+00 0.000E+00 0.000E+00
    -6.00 0.000E+00 0.000E+00 0.000E+00 0.000E+00
    -8.00 0.000E+00 0.000E+00 0.000E+00 0.000E+00
   -10.00 0.000E+00 0.000E+00 0.000E+00 0.000E+00
   -12.00 0.000E+00 0.000E+00 0.000E+00 0.000E+00
   -14.00 0.000E+00 0.000E+00 0.000E+00 0.000E+00
   -16.00 0.000E+00 0.000E+00 0.000E+00 0.000E+00
   -18.00 0.000E+00 0.000E+00 0.000E+00 0.000E+00
   -20.00 0.000E+00 0.000E+00 0.000E+00 0.000E+00
   -22.00 0.000E+00 0.000E+00 0.000E+00 0.000E+00
   -24.00 0.000E+00 0.000E+00 0.000E+00 0.000E+00
   -26.00 0.000E+00 0.000E+00 0.000E+00 0.000E+00
   -28.00 0.000E+00 0.000E+00 0.000E+00 0.000E+00
   -30.00 0.000E+00 0.000E+00 0.000E+00 0.000E+00
   -32.00 0.000E+00 0.000E+00 0.000E+00 0.000E+00
   -34.00 0.000E+00 0.000E+00 0.000E+00 0.000E+00
   -36.00 0.000E+00 0.000E+00 0.000E+00 0.000E+00
   -38.00 0.000E+00 0.000E+00 0.000E+00 0.000E+00
   -40.00 0.000E+00 0.000E+00 0.000E+00 0.000E+00
   -42.00 0.000E+00 0.000E+00 0.000E+00 0.000E+00
   -44.00 0.000E+00 0.000E+00 0.000E+00 0.000E+00
   -46.00 0.000E+00 0.000E+00 0.000E+00 0.000E+00
   -48.00 0.000E+00 0.000E+00 0.000E+00 0.000E+00
   -50.00 0.000E+00 0.000E+00 0.000E+00 0.000E+00
   -52.00 0.000E+00 0.000E+00 0.000E+00 0.000E+00
   -54.00 0.000E+00 0.000E+00 0.000E+00 0.000E+00
   -56.00 0.000E+00 0.000E+00 0.000E+00 0.000E+00
   -58.00 0.000E+00 0.000E+00 0.000E+00 0.000E+00
   -60.00 0.000E+00 0.000E+00 0.000E+00 0.000E+00
   -62.00 0.000E+00 0.000E+00 0.000E+00 0.000E+00
   -64.00 0.000E+00 0.000E+00 0.000E+00 0.000E+00
   -66.00 0.000E+00 0.000E+00 0.000E+00 0.000E+00
   -68.00 0.000E+00 0.000E+00 0.000E+00 0.000E+00
   -70.00 0.000E+00 0.000E+00 0.000E+00 0.000E+00
   -72.00 0.000E+00 0.000E+00 0.000E+00 0.000E+00
   -74.00 0.000E+00 0.000E+00 0.000E+00 0.000E+00
   -76.00 0.000E+00 0.000E+00 0.000E+00 0.000E+00
   -78.00 0.000E+00 0.000E+00 0.000E+00 0.000E+00
   -80.00 0.000E+00 0.000E+00 0.000E+00 0.000E+00
   -82.00 0.000E+00 0.000E+00 0.000E+00 0.000E+00
   -84.00 0.000E+00 0.000E+00 0.000E+00 0.000E+00
   -86.00 0.000E+00 0.000E+00 0.000E+00 0.000E+00
   -88.00 0.000E+00 0.000E+00 0.000E+00 0.000E+00
