 H^+ production rate [cm^-3 s^-1] from sulfur ion precipitation.
 Input of 1 ion/cm^2/s.
 Alt [km] Production Rate
 2998.00     0.00E+00
 2996.00     0.00E+00
 2994.00     0.00E+00
 2992.00     0.00E+00
 2990.00     5.00E-10
 2988.00     0.00E+00
 2986.00     0.00E+00
 2984.00     0.00E+00
 2982.00     0.00E+00
 2980.00     5.00E-10
 2978.00     5.00E-10
 2976.00     0.00E+00
 2974.00     0.00E+00
 2972.00     5.00E-10
 2970.00     0.00E+00
 2968.00     0.00E+00
 2966.00     0.00E+00
 2964.00     2.50E-10
 2962.00     0.00E+00
 2960.00     1.00E-09
 2958.00     0.00E+00
 2956.00     0.00E+00
 2954.00     0.00E+00
 2952.00     0.00E+00
 2950.00     5.00E-10
 2948.00     0.00E+00
 2946.00     0.00E+00
 2944.00     0.00E+00
 2942.00     0.00E+00
 2940.00     0.00E+00
 2938.00     0.00E+00
 2936.00     0.00E+00
 2934.00     2.50E-10
 2932.00     5.00E-10
 2930.00     0.00E+00
 2928.00     0.00E+00
 2926.00     5.00E-10
 2924.00     0.00E+00
 2922.00     1.00E-09
 2920.00     5.00E-10
 2918.00     0.00E+00
 2916.00     5.00E-10
 2914.00     2.50E-10
 2912.00     0.00E+00
 2910.00     0.00E+00
 2908.00     5.00E-10
 2906.00     1.00E-09
 2904.00     0.00E+00
 2902.00     1.00E-09
 2900.00     0.00E+00
 2898.00     5.00E-10
 2896.00     1.00E-09
 2894.00     0.00E+00
 2892.00     0.00E+00
 2890.00     1.00E-09
 2888.00     0.00E+00
 2886.00     0.00E+00
 2884.00     2.50E-10
 2882.00     5.00E-10
 2880.00     2.50E-10
 2878.00     2.50E-10
 2876.00     5.00E-10
 2874.00     5.00E-10
 2872.00     5.00E-10
 2870.00     5.00E-10
 2868.00     5.00E-10
 2866.00     0.00E+00
 2864.00     5.00E-10
 2862.00     5.00E-10
 2860.00     0.00E+00
 2858.00     0.00E+00
 2856.00     5.00E-10
 2854.00     7.50E-10
 2852.00     0.00E+00
 2850.00     0.00E+00
 2848.00     5.00E-10
 2846.00     0.00E+00
 2844.00     0.00E+00
 2842.00     0.00E+00
 2840.00     0.00E+00
 2838.00     5.00E-10
 2836.00     2.50E-10
 2834.00     2.50E-10
 2832.00     0.00E+00
 2830.00     5.00E-10
 2828.00     7.50E-10
 2826.00     0.00E+00
 2824.00     0.00E+00
 2822.00     0.00E+00
 2820.00     0.00E+00
 2818.00     0.00E+00
 2816.00     5.00E-10
 2814.00     5.00E-10
 2812.00     1.00E-09
 2810.00     5.00E-10
 2808.00     1.00E-09
 2806.00     0.00E+00
 2804.00     1.50E-09
 2802.00     0.00E+00
 2800.00     0.00E+00
 2798.00     2.50E-10
 2796.00     7.50E-10
 2794.00     5.00E-10
 2792.00     1.50E-09
 2790.00     5.00E-10
 2788.00     5.00E-10
 2786.00     7.50E-10
 2784.00     1.25E-09
 2782.00     1.25E-09
 2780.00     5.00E-10
 2778.00     1.00E-09
 2776.00     1.50E-09
 2774.00     5.00E-10
 2772.00     5.00E-10
 2770.00     5.00E-10
 2768.00     5.00E-10
 2766.00     0.00E+00
 2764.00     1.00E-09
 2762.00     0.00E+00
 2760.00     0.00E+00
 2758.00     1.25E-09
 2756.00     0.00E+00
 2754.00     7.50E-10
 2752.00     0.00E+00
 2750.00     5.00E-10
 2748.00     7.50E-10
 2746.00     1.50E-09
 2744.00     1.00E-09
 2742.00     7.50E-10
 2740.00     5.00E-10
 2738.00     0.00E+00
 2736.00     0.00E+00
 2734.00     5.00E-10
 2732.00     5.00E-10
 2730.00     0.00E+00
 2728.00     1.25E-09
 2726.00     0.00E+00
 2724.00     1.50E-09
 2722.00     1.50E-09
 2720.00     1.00E-09
 2718.00     1.50E-09
 2716.00     5.00E-10
 2714.00     5.00E-10
 2712.00     5.00E-10
 2710.00     5.00E-10
 2708.00     1.00E-09
 2706.00     1.50E-09
 2704.00     5.00E-10
 2702.00     0.00E+00
 2700.00     1.00E-09
 2698.00     5.00E-10
 2696.00     5.00E-10
 2694.00     0.00E+00
 2692.00     5.00E-10
 2690.00     1.00E-09
 2688.00     5.00E-10
 2686.00     0.00E+00
 2684.00     7.50E-10
 2682.00     1.00E-09
 2680.00     1.50E-09
 2678.00     1.00E-09
 2676.00     1.50E-09
 2674.00     0.00E+00
 2672.00     2.00E-09
 2670.00     1.50E-09
 2668.00     1.50E-09
 2666.00     0.00E+00
 2664.00     2.50E-09
 2662.00     5.00E-10
 2660.00     1.00E-09
 2658.00     5.00E-10
 2656.00     1.00E-09
 2654.00     1.25E-09
 2652.00     1.00E-09
 2650.00     2.50E-10
 2648.00     7.50E-10
 2646.00     1.50E-09
 2644.00     5.00E-10
 2642.00     5.00E-10
 2640.00     2.75E-09
 2638.00     1.25E-09
 2636.00     2.50E-10
 2634.00     1.00E-09
 2632.00     1.00E-09
 2630.00     2.00E-09
 2628.00     1.50E-09
 2626.00     0.00E+00
 2624.00     2.75E-09
 2622.00     1.00E-09
 2620.00     1.00E-09
 2618.00     1.00E-09
 2616.00     1.50E-09
 2614.00     7.50E-10
 2612.00     1.50E-09
 2610.00     5.00E-10
 2608.00     2.00E-09
 2606.00     2.25E-09
 2604.00     1.25E-09
 2602.00     1.75E-09
 2600.00     1.50E-09
 2598.00     1.75E-09
 2596.00     3.50E-09
 2594.00     1.00E-09
 2592.00     1.50E-09
 2590.00     2.50E-09
 2588.00     5.00E-10
 2586.00     1.50E-09
 2584.00     1.50E-09
 2582.00     5.00E-10
 2580.00     1.75E-09
 2578.00     1.50E-09
 2576.00     1.25E-09
 2574.00     1.50E-09
 2572.00     3.25E-09
 2570.00     3.00E-09
 2568.00     7.50E-10
 2566.00     1.00E-09
 2564.00     5.00E-10
 2562.00     1.50E-09
 2560.00     1.50E-09
 2558.00     7.50E-10
 2556.00     2.00E-09
 2554.00     5.00E-10
 2552.00     1.50E-09
 2550.00     1.75E-09
 2548.00     1.25E-09
 2546.00     2.75E-09
 2544.00     1.50E-09
 2542.00     2.00E-09
 2540.00     1.25E-09
 2538.00     5.00E-10
 2536.00     2.25E-09
 2534.00     3.00E-09
 2532.00     2.25E-09
 2530.00     1.25E-09
 2528.00     2.50E-09
 2526.00     2.50E-09
 2524.00     4.00E-09
 2522.00     5.00E-10
 2520.00     2.50E-10
 2518.00     2.00E-09
 2516.00     2.00E-09
 2514.00     1.50E-09
 2512.00     1.75E-09
 2510.00     2.50E-09
 2508.00     2.75E-09
 2506.00     1.25E-09
 2504.00     5.25E-09
 2502.00     4.50E-09
 2500.00     4.50E-09
 2498.00     5.75E-09
 2496.00     1.75E-09
 2494.00     3.00E-09
 2492.00     3.00E-09
 2490.00     1.50E-09
 2488.00     1.25E-09
 2486.00     4.25E-09
 2484.00     2.50E-09
 2482.00     2.75E-09
 2480.00     1.50E-09
 2478.00     3.50E-09
 2476.00     4.25E-09
 2474.00     2.50E-09
 2472.00     0.00E+00
 2470.00     2.25E-09
 2468.00     2.75E-09
 2466.00     3.00E-09
 2464.00     2.25E-09
 2462.00     5.00E-10
 2460.00     2.50E-09
 2458.00     3.00E-09
 2456.00     2.00E-09
 2454.00     2.00E-09
 2452.00     2.75E-09
 2450.00     1.50E-09
 2448.00     3.25E-09
 2446.00     5.25E-09
 2444.00     6.50E-09
 2442.00     2.00E-09
 2440.00     3.50E-09
 2438.00     4.25E-09
 2436.00     3.50E-09
 2434.00     3.50E-09
 2432.00     2.25E-09
 2430.00     4.50E-09
 2428.00     3.25E-09
 2426.00     3.00E-09
 2424.00     2.25E-09
 2422.00     4.50E-09
 2420.00     4.00E-09
 2418.00     4.00E-09
 2416.00     2.75E-09
 2414.00     3.50E-09
 2412.00     3.25E-09
 2410.00     5.00E-10
 2408.00     3.75E-09
 2406.00     5.75E-09
 2404.00     4.00E-09
 2402.00     2.50E-09
 2400.00     4.50E-09
 2398.00     3.50E-09
 2396.00     6.25E-09
 2394.00     3.00E-09
 2392.00     4.25E-09
 2390.00     5.00E-09
 2388.00     4.00E-09
 2386.00     3.25E-09
 2384.00     2.75E-09
 2382.00     4.00E-09
 2380.00     4.00E-09
 2378.00     5.25E-09
 2376.00     4.25E-09
 2374.00     3.75E-09
 2372.00     2.50E-09
 2370.00     7.25E-09
 2368.00     4.50E-09
 2366.00     6.75E-09
 2364.00     3.25E-09
 2362.00     5.00E-09
 2360.00     3.25E-09
 2358.00     4.00E-09
 2356.00     2.00E-09
 2354.00     3.50E-09
 2352.00     3.00E-09
 2350.00     4.00E-09
 2348.00     3.50E-09
 2346.00     5.75E-09
 2344.00     4.25E-09
 2342.00     6.25E-09
 2340.00     3.50E-09
 2338.00     7.25E-09
 2336.00     4.75E-09
 2334.00     3.25E-09
 2332.00     4.50E-09
 2330.00     3.50E-09
 2328.00     2.25E-09
 2326.00     5.50E-09
 2324.00     3.75E-09
 2322.00     5.00E-09
 2320.00     6.00E-09
 2318.00     6.75E-09
 2316.00     5.50E-09
 2314.00     6.00E-09
 2312.00     5.00E-09
 2310.00     5.75E-09
 2308.00     5.00E-09
 2306.00     7.00E-09
 2304.00     6.00E-09
 2302.00     5.50E-09
 2300.00     7.75E-09
 2298.00     8.75E-09
 2296.00     4.25E-09
 2294.00     7.25E-09
 2292.00     6.00E-09
 2290.00     6.50E-09
 2288.00     9.50E-09
 2286.00     6.75E-09
 2284.00     1.12E-08
 2282.00     4.25E-09
 2280.00     6.25E-09
 2278.00     6.25E-09
 2276.00     6.50E-09
 2274.00     8.75E-09
 2272.00     6.25E-09
 2270.00     8.75E-09
 2268.00     7.75E-09
 2266.00     6.75E-09
 2264.00     7.50E-09
 2262.00     5.25E-09
 2260.00     5.00E-09
 2258.00     9.00E-09
 2256.00     6.25E-09
 2254.00     4.50E-09
 2252.00     7.50E-09
 2250.00     6.00E-09
 2248.00     9.25E-09
 2246.00     8.00E-09
 2244.00     3.50E-09
 2242.00     5.00E-09
 2240.00     1.15E-08
 2238.00     1.22E-08
 2236.00     9.25E-09
 2234.00     1.05E-08
 2232.00     6.00E-09
 2230.00     9.25E-09
 2228.00     6.00E-09
 2226.00     8.25E-09
 2224.00     6.75E-09
 2222.00     9.75E-09
 2220.00     7.75E-09
 2218.00     1.02E-08
 2216.00     7.25E-09
 2214.00     5.25E-09
 2212.00     6.50E-09
 2210.00     1.10E-08
 2208.00     8.75E-09
 2206.00     8.75E-09
 2204.00     8.50E-09
 2202.00     7.00E-09
 2200.00     7.25E-09
 2198.00     1.22E-08
 2196.00     8.75E-09
 2194.00     1.47E-08
 2192.00     7.50E-09
 2190.00     9.25E-09
 2188.00     9.00E-09
 2186.00     1.70E-08
 2184.00     1.60E-08
 2182.00     1.05E-08
 2180.00     1.05E-08
 2178.00     1.10E-08
 2176.00     1.12E-08
 2174.00     1.07E-08
 2172.00     9.75E-09
 2170.00     9.75E-09
 2168.00     1.37E-08
 2166.00     9.50E-09
 2164.00     1.10E-08
 2162.00     1.25E-08
 2160.00     7.75E-09
 2158.00     1.20E-08
 2156.00     6.25E-09
 2154.00     8.75E-09
 2152.00     1.30E-08
 2150.00     1.52E-08
 2148.00     1.07E-08
 2146.00     1.45E-08
 2144.00     1.32E-08
 2142.00     1.17E-08
 2140.00     1.05E-08
 2138.00     7.75E-09
 2136.00     1.10E-08
 2134.00     1.05E-08
 2132.00     1.27E-08
 2130.00     1.62E-08
 2128.00     6.75E-09
 2126.00     1.37E-08
 2124.00     1.40E-08
 2122.00     1.37E-08
 2120.00     1.35E-08
 2118.00     1.15E-08
 2116.00     9.50E-09
 2114.00     1.37E-08
 2112.00     1.30E-08
 2110.00     1.22E-08
 2108.00     1.57E-08
 2106.00     1.30E-08
 2104.00     1.45E-08
 2102.00     1.20E-08
 2100.00     1.67E-08
 2098.00     1.52E-08
 2096.00     1.25E-08
 2094.00     1.00E-08
 2092.00     1.85E-08
 2090.00     1.30E-08
 2088.00     1.25E-08
 2086.00     1.22E-08
 2084.00     1.65E-08
 2082.00     1.37E-08
 2080.00     1.70E-08
 2078.00     1.27E-08
 2076.00     1.82E-08
 2074.00     1.97E-08
 2072.00     1.35E-08
 2070.00     1.47E-08
 2068.00     1.40E-08
 2066.00     1.27E-08
 2064.00     1.55E-08
 2062.00     1.72E-08
 2060.00     1.87E-08
 2058.00     1.70E-08
 2056.00     1.60E-08
 2054.00     1.30E-08
 2052.00     2.20E-08
 2050.00     2.02E-08
 2048.00     1.55E-08
 2046.00     1.87E-08
 2044.00     1.75E-08
 2042.00     1.32E-08
 2040.00     2.02E-08
 2038.00     2.32E-08
 2036.00     1.75E-08
 2034.00     1.50E-08
 2032.00     1.90E-08
 2030.00     2.02E-08
 2028.00     1.70E-08
 2026.00     1.62E-08
 2024.00     2.10E-08
 2022.00     2.00E-08
 2020.00     1.45E-08
 2018.00     2.87E-08
 2016.00     2.15E-08
 2014.00     2.02E-08
 2012.00     1.40E-08
 2010.00     1.90E-08
 2008.00     2.07E-08
 2006.00     1.77E-08
 2004.00     1.77E-08
 2002.00     2.22E-08
 2000.00     1.67E-08
 1998.00     1.92E-08
 1996.00     1.30E-08
 1994.00     1.75E-08
 1992.00     1.50E-08
 1990.00     2.30E-08
 1988.00     1.80E-08
 1986.00     1.70E-08
 1984.00     1.57E-08
 1982.00     2.00E-08
 1980.00     2.00E-08
 1978.00     2.07E-08
 1976.00     2.00E-08
 1974.00     2.20E-08
 1972.00     1.67E-08
 1970.00     2.12E-08
 1968.00     2.67E-08
 1966.00     2.22E-08
 1964.00     2.62E-08
 1962.00     3.12E-08
 1960.00     2.17E-08
 1958.00     2.12E-08
 1956.00     2.45E-08
 1954.00     1.90E-08
 1952.00     1.90E-08
 1950.00     2.20E-08
 1948.00     2.07E-08
 1946.00     2.35E-08
 1944.00     2.20E-08
 1942.00     1.92E-08
 1940.00     1.85E-08
 1938.00     2.70E-08
 1936.00     3.10E-08
 1934.00     2.17E-08
 1932.00     2.42E-08
 1930.00     2.07E-08
 1928.00     2.57E-08
 1926.00     2.80E-08
 1924.00     2.60E-08
 1922.00     2.47E-08
 1920.00     3.02E-08
 1918.00     2.92E-08
 1916.00     2.70E-08
 1914.00     2.75E-08
 1912.00     2.57E-08
 1910.00     2.52E-08
 1908.00     3.22E-08
 1906.00     2.45E-08
 1904.00     2.65E-08
 1902.00     2.52E-08
 1900.00     2.07E-08
 1898.00     1.97E-08
 1896.00     3.25E-08
 1894.00     2.22E-08
 1892.00     2.90E-08
 1890.00     3.00E-08
 1888.00     2.47E-08
 1886.00     2.60E-08
 1884.00     3.10E-08
 1882.00     3.02E-08
 1880.00     3.27E-08
 1878.00     2.37E-08
 1876.00     3.80E-08
 1874.00     3.35E-08
 1872.00     3.45E-08
 1870.00     3.17E-08
 1868.00     3.50E-08
 1866.00     3.15E-08
 1864.00     3.60E-08
 1862.00     3.07E-08
 1860.00     2.70E-08
 1858.00     2.95E-08
 1856.00     2.80E-08
 1854.00     2.77E-08
 1852.00     4.10E-08
 1850.00     3.27E-08
 1848.00     4.00E-08
 1846.00     3.30E-08
 1844.00     3.32E-08
 1842.00     3.40E-08
 1840.00     3.75E-08
 1838.00     3.00E-08
 1836.00     3.27E-08
 1834.00     3.42E-08
 1832.00     3.95E-08
 1830.00     3.80E-08
 1828.00     3.10E-08
 1826.00     3.72E-08
 1824.00     3.12E-08
 1822.00     3.70E-08
 1820.00     4.33E-08
 1818.00     4.00E-08
 1816.00     3.97E-08
 1814.00     3.37E-08
 1812.00     3.62E-08
 1810.00     4.20E-08
 1808.00     4.18E-08
 1806.00     4.35E-08
 1804.00     4.08E-08
 1802.00     3.68E-08
 1800.00     4.30E-08
 1798.00     4.33E-08
 1796.00     4.73E-08
 1794.00     4.38E-08
 1792.00     4.62E-08
 1790.00     5.23E-08
 1788.00     4.60E-08
 1786.00     4.83E-08
 1784.00     4.60E-08
 1782.00     5.00E-08
 1780.00     4.80E-08
 1778.00     4.23E-08
 1776.00     4.33E-08
 1774.00     4.68E-08
 1772.00     5.00E-08
 1770.00     4.53E-08
 1768.00     5.33E-08
 1766.00     6.35E-08
 1764.00     6.73E-08
 1762.00     5.23E-08
 1760.00     4.85E-08
 1758.00     4.98E-08
 1756.00     5.10E-08
 1754.00     6.25E-08
 1752.00     5.13E-08
 1750.00     6.13E-08
 1748.00     5.15E-08
 1746.00     6.43E-08
 1744.00     6.38E-08
 1742.00     6.78E-08
 1740.00     6.18E-08
 1738.00     6.33E-08
 1736.00     5.93E-08
 1734.00     7.68E-08
 1732.00     5.73E-08
 1730.00     6.15E-08
 1728.00     7.45E-08
 1726.00     7.15E-08
 1724.00     6.80E-08
 1722.00     6.45E-08
 1720.00     6.18E-08
 1718.00     6.60E-08
 1716.00     7.45E-08
 1714.00     6.03E-08
 1712.00     7.35E-08
 1710.00     7.78E-08
 1708.00     6.55E-08
 1706.00     7.40E-08
 1704.00     8.05E-08
 1702.00     5.88E-08
 1700.00     8.35E-08
 1698.00     8.35E-08
 1696.00     8.43E-08
 1694.00     9.60E-08
 1692.00     8.38E-08
 1690.00     9.05E-08
 1688.00     8.45E-08
 1686.00     8.43E-08
 1684.00     9.35E-08
 1682.00     9.43E-08
 1680.00     7.55E-08
 1678.00     7.65E-08
 1676.00     1.04E-07
 1674.00     9.65E-08
 1672.00     9.85E-08
 1670.00     1.07E-07
 1668.00     1.01E-07
 1666.00     9.50E-08
 1664.00     1.10E-07
 1662.00     1.06E-07
 1660.00     1.06E-07
 1658.00     1.15E-07
 1656.00     1.13E-07
 1654.00     1.13E-07
 1652.00     1.04E-07
 1650.00     1.06E-07
 1648.00     1.20E-07
 1646.00     1.19E-07
 1644.00     1.17E-07
 1642.00     1.10E-07
 1640.00     1.28E-07
 1638.00     1.15E-07
 1636.00     1.32E-07
 1634.00     1.36E-07
 1632.00     1.33E-07
 1630.00     1.38E-07
 1628.00     1.36E-07
 1626.00     1.29E-07
 1624.00     1.34E-07
 1622.00     1.46E-07
 1620.00     1.31E-07
 1618.00     1.42E-07
 1616.00     1.39E-07
 1614.00     1.35E-07
 1612.00     1.64E-07
 1610.00     1.59E-07
 1608.00     1.59E-07
 1606.00     1.57E-07
 1604.00     1.64E-07
 1602.00     1.65E-07
 1600.00     1.84E-07
 1598.00     1.80E-07
 1596.00     1.65E-07
 1594.00     1.53E-07
 1592.00     1.72E-07
 1590.00     1.63E-07
 1588.00     1.61E-07
 1586.00     1.76E-07
 1584.00     1.80E-07
 1582.00     1.91E-07
 1580.00     1.74E-07
 1578.00     1.97E-07
 1576.00     1.96E-07
 1574.00     1.99E-07
 1572.00     1.88E-07
 1570.00     2.07E-07
 1568.00     1.99E-07
 1566.00     2.03E-07
 1564.00     2.10E-07
 1562.00     2.20E-07
 1560.00     2.21E-07
 1558.00     2.22E-07
 1556.00     2.31E-07
 1554.00     2.18E-07
 1552.00     2.32E-07
 1550.00     2.31E-07
 1548.00     2.51E-07
 1546.00     2.12E-07
 1544.00     2.65E-07
 1542.00     2.65E-07
 1540.00     2.38E-07
 1538.00     2.68E-07
 1536.00     2.57E-07
 1534.00     2.73E-07
 1532.00     2.74E-07
 1530.00     2.97E-07
 1528.00     2.81E-07
 1526.00     2.88E-07
 1524.00     2.80E-07
 1522.00     2.99E-07
 1520.00     3.02E-07
 1518.00     2.86E-07
 1516.00     2.98E-07
 1514.00     3.01E-07
 1512.00     3.05E-07
 1510.00     3.04E-07
 1508.00     3.16E-07
 1506.00     3.29E-07
 1504.00     3.42E-07
 1502.00     3.30E-07
 1500.00     3.36E-07
 1498.00     3.74E-07
 1496.00     3.40E-07
 1494.00     3.71E-07
 1492.00     3.97E-07
 1490.00     3.79E-07
 1488.00     3.95E-07
 1486.00     3.85E-07
 1484.00     3.89E-07
 1482.00     3.94E-07
 1480.00     3.94E-07
 1478.00     4.15E-07
 1476.00     4.04E-07
 1474.00     4.12E-07
 1472.00     4.20E-07
 1470.00     4.43E-07
 1468.00     4.64E-07
 1466.00     4.47E-07
 1464.00     4.51E-07
 1462.00     4.68E-07
 1460.00     4.80E-07
 1458.00     4.70E-07
 1456.00     4.68E-07
 1454.00     4.97E-07
 1452.00     5.10E-07
 1450.00     4.90E-07
 1448.00     5.19E-07
 1446.00     5.39E-07
 1444.00     5.44E-07
 1442.00     5.46E-07
 1440.00     5.60E-07
 1438.00     5.66E-07
 1436.00     5.90E-07
 1434.00     5.80E-07
 1432.00     5.87E-07
 1430.00     6.01E-07
 1428.00     6.04E-07
 1426.00     5.94E-07
 1424.00     6.06E-07
 1422.00     6.11E-07
 1420.00     6.22E-07
 1418.00     6.76E-07
 1416.00     6.65E-07
 1414.00     6.68E-07
 1412.00     6.79E-07
 1410.00     6.74E-07
 1408.00     7.15E-07
 1406.00     7.17E-07
 1404.00     7.43E-07
 1402.00     7.15E-07
 1400.00     7.27E-07
 1398.00     7.86E-07
 1396.00     8.04E-07
 1394.00     7.86E-07
 1392.00     7.79E-07
 1390.00     8.06E-07
 1388.00     8.15E-07
 1386.00     8.21E-07
 1384.00     8.40E-07
 1382.00     8.67E-07
 1380.00     8.65E-07
 1378.00     9.12E-07
 1376.00     8.69E-07
 1374.00     8.78E-07
 1372.00     9.08E-07
 1370.00     9.15E-07
 1368.00     9.57E-07
 1366.00     9.65E-07
 1364.00     9.59E-07
 1362.00     9.75E-07
 1360.00     1.00E-06
 1358.00     1.02E-06
 1356.00     1.07E-06
 1354.00     1.01E-06
 1352.00     1.09E-06
 1350.00     1.10E-06
 1348.00     1.10E-06
 1346.00     1.12E-06
 1344.00     1.10E-06
 1342.00     1.20E-06
 1340.00     1.14E-06
 1338.00     1.18E-06
 1336.00     1.19E-06
 1334.00     1.21E-06
 1332.00     1.24E-06
 1330.00     1.29E-06
 1328.00     1.25E-06
 1326.00     1.30E-06
 1324.00     1.26E-06
 1322.00     1.34E-06
 1320.00     1.36E-06
 1318.00     1.38E-06
 1316.00     1.36E-06
 1314.00     1.41E-06
 1312.00     1.44E-06
 1310.00     1.42E-06
 1308.00     1.50E-06
 1306.00     1.50E-06
 1304.00     1.48E-06
 1302.00     1.52E-06
 1300.00     1.53E-06
 1298.00     1.55E-06
 1296.00     1.63E-06
 1294.00     1.63E-06
 1292.00     1.64E-06
 1290.00     1.68E-06
 1288.00     1.72E-06
 1286.00     1.70E-06
 1284.00     1.73E-06
 1282.00     1.78E-06
 1280.00     1.82E-06
 1278.00     1.83E-06
 1276.00     1.79E-06
 1274.00     1.80E-06
 1272.00     1.90E-06
 1270.00     1.90E-06
 1268.00     1.89E-06
 1266.00     2.00E-06
 1264.00     2.00E-06
 1262.00     1.97E-06
 1260.00     2.06E-06
 1258.00     2.02E-06
 1256.00     2.08E-06
 1254.00     2.17E-06
 1252.00     2.20E-06
 1250.00     2.17E-06
 1248.00     2.19E-06
 1246.00     2.21E-06
 1244.00     2.30E-06
 1242.00     2.33E-06
 1240.00     2.30E-06
 1238.00     2.33E-06
 1236.00     2.39E-06
 1234.00     2.42E-06
 1232.00     2.51E-06
 1230.00     2.55E-06
 1228.00     2.47E-06
 1226.00     2.51E-06
 1224.00     2.59E-06
 1222.00     2.58E-06
 1220.00     2.64E-06
 1218.00     2.75E-06
 1216.00     2.76E-06
 1214.00     2.78E-06
 1212.00     2.80E-06
 1210.00     2.83E-06
 1208.00     2.86E-06
 1206.00     2.90E-06
 1204.00     2.97E-06
 1202.00     3.02E-06
 1200.00     2.94E-06
 1198.00     3.09E-06
 1196.00     3.14E-06
 1194.00     3.12E-06
 1192.00     3.18E-06
 1190.00     3.20E-06
 1188.00     3.27E-06
 1186.00     3.38E-06
 1184.00     3.39E-06
 1182.00     3.45E-06
 1180.00     3.43E-06
 1178.00     3.44E-06
 1176.00     3.54E-06
 1174.00     3.57E-06
 1172.00     3.61E-06
 1170.00     3.61E-06
 1168.00     3.64E-06
 1166.00     3.70E-06
 1164.00     3.82E-06
 1162.00     3.82E-06
 1160.00     3.90E-06
 1158.00     3.94E-06
 1156.00     3.98E-06
 1154.00     4.07E-06
 1152.00     4.05E-06
 1150.00     4.12E-06
 1148.00     4.22E-06
 1146.00     4.20E-06
 1144.00     4.26E-06
 1142.00     4.39E-06
 1140.00     4.49E-06
 1138.00     4.57E-06
 1136.00     4.56E-06
 1134.00     4.61E-06
 1132.00     4.64E-06
 1130.00     4.71E-06
 1128.00     4.89E-06
 1126.00     4.84E-06
 1124.00     4.85E-06
 1122.00     4.92E-06
 1120.00     5.02E-06
 1118.00     5.12E-06
 1116.00     5.07E-06
 1114.00     5.27E-06
 1112.00     5.26E-06
 1110.00     5.27E-06
 1108.00     5.40E-06
 1106.00     5.45E-06
 1104.00     5.50E-06
 1102.00     5.69E-06
 1100.00     5.62E-06
 1098.00     5.73E-06
 1096.00     5.89E-06
 1094.00     5.96E-06
 1092.00     5.98E-06
 1090.00     6.04E-06
 1088.00     6.17E-06
 1086.00     6.11E-06
 1084.00     6.26E-06
 1082.00     6.42E-06
 1080.00     6.49E-06
 1078.00     6.56E-06
 1076.00     6.58E-06
 1074.00     6.62E-06
 1072.00     6.83E-06
 1070.00     6.73E-06
 1068.00     6.91E-06
 1066.00     7.08E-06
 1064.00     7.15E-06
 1062.00     7.19E-06
 1060.00     7.28E-06
 1058.00     7.42E-06
 1056.00     7.59E-06
 1054.00     7.65E-06
 1052.00     7.65E-06
 1050.00     7.77E-06
 1048.00     7.88E-06
 1046.00     7.99E-06
 1044.00     8.02E-06
 1042.00     8.22E-06
 1040.00     8.38E-06
 1038.00     8.41E-06
 1036.00     8.60E-06
 1034.00     8.70E-06
 1032.00     8.83E-06
 1030.00     8.85E-06
 1028.00     8.99E-06
 1026.00     9.15E-06
 1024.00     9.11E-06
 1022.00     9.47E-06
 1020.00     9.42E-06
 1018.00     9.49E-06
 1016.00     9.61E-06
 1014.00     9.72E-06
 1012.00     9.94E-06
 1010.00     9.97E-06
 1008.00     1.03E-05
 1006.00     1.04E-05
 1004.00     1.05E-05
 1002.00     1.06E-05
 1000.00     1.08E-05
  998.00     1.08E-05
  996.00     1.11E-05
  994.00     1.13E-05
  992.00     1.13E-05
  990.00     1.16E-05
  988.00     1.18E-05
  986.00     1.18E-05
  984.00     1.19E-05
  982.00     1.20E-05
  980.00     1.21E-05
  978.00     1.23E-05
  976.00     1.25E-05
  974.00     1.26E-05
  972.00     1.28E-05
  970.00     1.32E-05
  968.00     1.31E-05
  966.00     1.33E-05
  964.00     1.35E-05
  962.00     1.38E-05
  960.00     1.39E-05
  958.00     1.41E-05
  956.00     1.42E-05
  954.00     1.43E-05
  952.00     1.46E-05
  950.00     1.48E-05
  948.00     1.52E-05
  946.00     1.51E-05
  944.00     1.54E-05
  942.00     1.57E-05
  940.00     1.57E-05
  938.00     1.60E-05
  936.00     1.63E-05
  934.00     1.65E-05
  932.00     1.66E-05
  930.00     1.68E-05
  928.00     1.71E-05
  926.00     1.75E-05
  924.00     1.75E-05
  922.00     1.77E-05
  920.00     1.80E-05
  918.00     1.82E-05
  916.00     1.85E-05
  914.00     1.87E-05
  912.00     1.90E-05
  910.00     1.95E-05
  908.00     1.94E-05
  906.00     1.99E-05
  904.00     2.01E-05
  902.00     2.03E-05
  900.00     2.07E-05
  898.00     2.09E-05
  896.00     2.11E-05
  894.00     2.12E-05
  892.00     2.16E-05
  890.00     2.20E-05
  888.00     2.24E-05
  886.00     2.27E-05
  884.00     2.30E-05
  882.00     2.34E-05
  880.00     2.35E-05
  878.00     2.40E-05
  876.00     2.42E-05
  874.00     2.46E-05
  872.00     2.50E-05
  870.00     2.53E-05
  868.00     2.56E-05
  866.00     2.60E-05
  864.00     2.63E-05
  862.00     2.65E-05
  860.00     2.70E-05
  858.00     2.73E-05
  856.00     2.79E-05
  854.00     2.83E-05
  852.00     2.84E-05
  850.00     2.91E-05
  848.00     2.93E-05
  846.00     2.97E-05
  844.00     3.01E-05
  842.00     3.06E-05
  840.00     3.12E-05
  838.00     3.14E-05
  836.00     3.21E-05
  834.00     3.25E-05
  832.00     3.28E-05
  830.00     3.31E-05
  828.00     3.39E-05
  826.00     3.44E-05
  824.00     3.46E-05
  822.00     3.50E-05
  820.00     3.60E-05
  818.00     3.65E-05
  816.00     3.68E-05
  814.00     3.74E-05
  812.00     3.77E-05
  810.00     3.83E-05
  808.00     3.90E-05
  806.00     3.96E-05
  804.00     3.99E-05
  802.00     4.05E-05
  800.00     4.11E-05
  798.00     4.22E-05
  796.00     4.25E-05
  794.00     4.28E-05
  792.00     4.38E-05
  790.00     4.44E-05
  788.00     4.50E-05
  786.00     4.55E-05
  784.00     4.61E-05
  782.00     4.66E-05
  780.00     4.76E-05
  778.00     4.86E-05
  776.00     4.90E-05
  774.00     4.95E-05
  772.00     5.04E-05
  770.00     5.11E-05
  768.00     5.16E-05
  766.00     5.26E-05
  764.00     5.35E-05
  762.00     5.40E-05
  760.00     5.51E-05
  758.00     5.57E-05
  756.00     5.64E-05
  754.00     5.74E-05
  752.00     5.82E-05
  750.00     5.91E-05
  748.00     5.98E-05
  746.00     6.10E-05
  744.00     6.17E-05
  742.00     6.25E-05
  740.00     6.36E-05
  738.00     6.45E-05
  736.00     6.56E-05
  734.00     6.66E-05
  732.00     6.76E-05
  730.00     6.87E-05
  728.00     6.99E-05
  726.00     7.08E-05
  724.00     7.19E-05
  722.00     7.27E-05
  720.00     7.37E-05
  718.00     7.49E-05
  716.00     7.64E-05
  714.00     7.71E-05
  712.00     7.84E-05
  710.00     7.97E-05
  708.00     8.08E-05
  706.00     8.21E-05
  704.00     8.31E-05
  702.00     8.44E-05
  700.00     8.59E-05
  698.00     8.73E-05
  696.00     8.89E-05
  694.00     8.98E-05
  692.00     9.13E-05
  690.00     9.30E-05
  688.00     9.45E-05
  686.00     9.58E-05
  684.00     9.77E-05
  682.00     9.91E-05
  680.00     1.00E-04
  678.00     1.02E-04
  676.00     1.04E-04
  674.00     1.05E-04
  672.00     1.07E-04
  670.00     1.09E-04
  668.00     1.11E-04
  666.00     1.13E-04
  664.00     1.15E-04
  662.00     1.16E-04
  660.00     1.18E-04
  658.00     1.20E-04
  656.00     1.21E-04
  654.00     1.23E-04
  652.00     1.25E-04
  650.00     1.28E-04
  648.00     1.30E-04
  646.00     1.32E-04
  644.00     1.34E-04
  642.00     1.36E-04
  640.00     1.39E-04
  638.00     1.41E-04
  636.00     1.43E-04
  634.00     1.46E-04
  632.00     1.48E-04
  630.00     1.50E-04
  628.00     1.53E-04
  626.00     1.56E-04
  624.00     1.58E-04
  622.00     1.61E-04
  620.00     1.65E-04
  618.00     1.67E-04
  616.00     1.70E-04
  614.00     1.73E-04
  612.00     1.76E-04
  610.00     1.79E-04
  608.00     1.82E-04
  606.00     1.84E-04
  604.00     1.88E-04
  602.00     1.91E-04
  600.00     1.94E-04
  598.00     1.98E-04
  596.00     2.01E-04
  594.00     2.05E-04
  592.00     2.08E-04
  590.00     2.13E-04
  588.00     2.17E-04
  586.00     2.21E-04
  584.00     2.24E-04
  582.00     2.29E-04
  580.00     2.33E-04
  578.00     2.38E-04
  576.00     2.42E-04
  574.00     2.46E-04
  572.00     2.50E-04
  570.00     2.55E-04
  568.00     2.60E-04
  566.00     2.65E-04
  564.00     2.70E-04
  562.00     2.74E-04
  560.00     2.80E-04
  558.00     2.86E-04
  556.00     2.91E-04
  554.00     2.96E-04
  552.00     3.02E-04
  550.00     3.09E-04
  548.00     3.15E-04
  546.00     3.20E-04
  544.00     3.26E-04
  542.00     3.33E-04
  540.00     3.41E-04
  538.00     3.49E-04
  536.00     3.55E-04
  534.00     3.62E-04
  532.00     3.69E-04
  530.00     3.77E-04
  528.00     3.85E-04
  526.00     3.93E-04
  524.00     4.00E-04
  522.00     4.10E-04
  520.00     4.18E-04
  518.00     4.27E-04
  516.00     4.36E-04
  514.00     4.45E-04
  512.00     4.54E-04
  510.00     4.65E-04
  508.00     4.76E-04
  506.00     4.86E-04
  504.00     4.94E-04
  502.00     5.05E-04
  500.00     5.18E-04
  498.00     5.30E-04
  496.00     5.42E-04
  494.00     5.53E-04
  492.00     5.66E-04
  490.00     5.80E-04
  488.00     5.94E-04
  486.00     6.08E-04
  484.00     6.20E-04
  482.00     6.36E-04
  480.00     6.52E-04
  478.00     6.68E-04
  476.00     6.83E-04
  474.00     7.01E-04
  472.00     7.17E-04
  470.00     7.35E-04
  468.00     7.55E-04
  466.00     7.72E-04
  464.00     7.91E-04
  462.00     8.11E-04
  460.00     8.34E-04
  458.00     8.59E-04
  456.00     8.79E-04
  454.00     9.01E-04
  452.00     9.24E-04
  450.00     9.52E-04
  448.00     9.79E-04
  446.00     1.01E-03
  444.00     1.03E-03
  442.00     1.06E-03
  440.00     1.09E-03
  438.00     1.12E-03
  436.00     1.15E-03
  434.00     1.19E-03
  432.00     1.22E-03
  430.00     1.27E-03
  428.00     1.31E-03
  426.00     1.34E-03
  424.00     1.38E-03
  422.00     1.42E-03
  420.00     1.47E-03
  418.00     1.52E-03
  416.00     1.57E-03
  414.00     1.61E-03
  412.00     1.66E-03
  410.00     1.73E-03
  408.00     1.79E-03
  406.00     1.85E-03
  404.00     1.91E-03
  402.00     1.97E-03
  400.00     2.05E-03
  398.00     2.13E-03
  396.00     2.20E-03
  394.00     2.27E-03
  392.00     2.36E-03
  390.00     2.45E-03
  388.00     2.55E-03
  386.00     2.64E-03
  384.00     2.73E-03
  382.00     2.84E-03
  380.00     2.97E-03
  378.00     3.10E-03
  376.00     3.21E-03
  374.00     3.32E-03
  372.00     3.46E-03
  370.00     3.64E-03
  368.00     3.82E-03
  366.00     3.99E-03
  364.00     4.16E-03
  362.00     4.36E-03
  360.00     4.59E-03
  358.00     4.78E-03
  356.00     4.89E-03
  354.00     4.95E-03
  352.00     4.97E-03
  350.00     4.94E-03
  348.00     4.77E-03
  346.00     4.48E-03
  344.00     4.09E-03
  342.00     3.67E-03
  340.00     3.19E-03
  338.00     2.67E-03
  336.00     2.11E-03
  334.00     1.52E-03
  332.00     8.05E-04
  330.00     1.75E-04
  328.00     3.26E-06
  326.00     0.00E+00
  324.00     0.00E+00
  322.00     0.00E+00
  320.00     0.00E+00
  318.00     0.00E+00
  316.00     0.00E+00
  314.00     0.00E+00
  312.00     0.00E+00
  310.00     0.00E+00
  308.00     0.00E+00
  306.00     0.00E+00
  304.00     0.00E+00
  302.00     0.00E+00
  300.00     0.00E+00
  298.00     0.00E+00
  296.00     0.00E+00
  294.00     0.00E+00
  292.00     0.00E+00
  290.00     0.00E+00
  288.00     0.00E+00
  286.00     0.00E+00
  284.00     0.00E+00
  282.00     0.00E+00
  280.00     0.00E+00
  278.00     0.00E+00
  276.00     0.00E+00
  274.00     0.00E+00
  272.00     0.00E+00
  270.00     0.00E+00
  268.00     0.00E+00
  266.00     0.00E+00
  264.00     0.00E+00
  262.00     0.00E+00
  260.00     0.00E+00
  258.00     0.00E+00
  256.00     0.00E+00
  254.00     0.00E+00
  252.00     0.00E+00
  250.00     0.00E+00
  248.00     0.00E+00
  246.00     0.00E+00
  244.00     0.00E+00
  242.00     0.00E+00
  240.00     0.00E+00
  238.00     0.00E+00
  236.00     0.00E+00
  234.00     0.00E+00
  232.00     0.00E+00
  230.00     0.00E+00
  228.00     0.00E+00
  226.00     0.00E+00
  224.00     0.00E+00
  222.00     0.00E+00
  220.00     0.00E+00
  218.00     0.00E+00
  216.00     0.00E+00
  214.00     0.00E+00
  212.00     0.00E+00
  210.00     0.00E+00
  208.00     0.00E+00
  206.00     0.00E+00
  204.00     0.00E+00
  202.00     0.00E+00
  200.00     0.00E+00
  198.00     0.00E+00
  196.00     0.00E+00
  194.00     0.00E+00
  192.00     0.00E+00
  190.00     0.00E+00
  188.00     0.00E+00
  186.00     0.00E+00
  184.00     0.00E+00
  182.00     0.00E+00
  180.00     0.00E+00
  178.00     0.00E+00
  176.00     0.00E+00
  174.00     0.00E+00
  172.00     0.00E+00
  170.00     0.00E+00
  168.00     0.00E+00
  166.00     0.00E+00
  164.00     0.00E+00
  162.00     0.00E+00
  160.00     0.00E+00
  158.00     0.00E+00
  156.00     0.00E+00
  154.00     0.00E+00
  152.00     0.00E+00
  150.00     0.00E+00
  148.00     0.00E+00
  146.00     0.00E+00
  144.00     0.00E+00
  142.00     0.00E+00
  140.00     0.00E+00
  138.00     0.00E+00
  136.00     0.00E+00
  134.00     0.00E+00
  132.00     0.00E+00
  130.00     0.00E+00
  128.00     0.00E+00
  126.00     0.00E+00
  124.00     0.00E+00
  122.00     0.00E+00
  120.00     0.00E+00
  118.00     0.00E+00
  116.00     0.00E+00
  114.00     0.00E+00
  112.00     0.00E+00
  110.00     0.00E+00
  108.00     0.00E+00
  106.00     0.00E+00
  104.00     0.00E+00
  102.00     0.00E+00
  100.00     0.00E+00
   98.00     0.00E+00
   96.00     0.00E+00
   94.00     0.00E+00
   92.00     0.00E+00
   90.00     0.00E+00
   88.00     0.00E+00
   86.00     0.00E+00
   84.00     0.00E+00
   82.00     0.00E+00
   80.00     0.00E+00
   78.00     0.00E+00
   76.00     0.00E+00
   74.00     0.00E+00
   72.00     0.00E+00
   70.00     0.00E+00
   68.00     0.00E+00
   66.00     0.00E+00
   64.00     0.00E+00
   62.00     0.00E+00
   60.00     0.00E+00
   58.00     0.00E+00
   56.00     0.00E+00
   54.00     0.00E+00
   52.00     0.00E+00
   50.00     0.00E+00
   48.00     0.00E+00
   46.00     0.00E+00
   44.00     0.00E+00
   42.00     0.00E+00
   40.00     0.00E+00
   38.00     0.00E+00
   36.00     0.00E+00
   34.00     0.00E+00
   32.00     0.00E+00
   30.00     0.00E+00
   28.00     0.00E+00
   26.00     0.00E+00
   24.00     0.00E+00
   22.00     0.00E+00
   20.00     0.00E+00
   18.00     0.00E+00
   16.00     0.00E+00
   14.00     0.00E+00
   12.00     0.00E+00
   10.00     0.00E+00
    8.00     0.00E+00
    6.00     0.00E+00
    4.00     0.00E+00
    2.00     0.00E+00
    0.00     0.00E+00
   -2.00     0.00E+00
   -4.00     0.00E+00
   -6.00     0.00E+00
   -8.00     0.00E+00
  -10.00     0.00E+00
  -12.00     0.00E+00
  -14.00     0.00E+00
  -16.00     0.00E+00
  -18.00     0.00E+00
  -20.00     0.00E+00
  -22.00     0.00E+00
  -24.00     0.00E+00
  -26.00     0.00E+00
  -28.00     0.00E+00
  -30.00     0.00E+00
  -32.00     0.00E+00
  -34.00     0.00E+00
  -36.00     0.00E+00
  -38.00     0.00E+00
  -40.00     0.00E+00
  -42.00     0.00E+00
  -44.00     0.00E+00
  -46.00     0.00E+00
  -48.00     0.00E+00
  -50.00     0.00E+00
  -52.00     0.00E+00
  -54.00     0.00E+00
  -56.00     0.00E+00
  -58.00     0.00E+00
  -60.00     0.00E+00
  -62.00     0.00E+00
  -64.00     0.00E+00
  -66.00     0.00E+00
  -68.00     0.00E+00
  -70.00     0.00E+00
  -72.00     0.00E+00
  -74.00     0.00E+00
  -76.00     0.00E+00
  -78.00     0.00E+00
  -80.00     0.00E+00
  -82.00     0.00E+00
  -84.00     0.00E+00
  -86.00     0.00E+00
  -88.00     0.00E+00
