 H_2^+ production rate [cm^-3 s^-1] from sulfur ion precipitation.
 Input of 1 ion/cm^2/s.
 Alt [km] Production Rate
 2998.00     0.00E+00
 2996.00     2.50E-10
 2994.00     5.00E-10
 2992.00     5.00E-10
 2990.00     0.00E+00
 2988.00     0.00E+00
 2986.00     0.00E+00
 2984.00     0.00E+00
 2982.00     0.00E+00
 2980.00     0.00E+00
 2978.00     2.50E-10
 2976.00     2.50E-10
 2974.00     0.00E+00
 2972.00     0.00E+00
 2970.00     5.00E-10
 2968.00     5.00E-10
 2966.00     0.00E+00
 2964.00     1.00E-09
 2962.00     0.00E+00
 2960.00     2.50E-10
 2958.00     0.00E+00
 2956.00     0.00E+00
 2954.00     5.00E-10
 2952.00     0.00E+00
 2950.00     0.00E+00
 2948.00     0.00E+00
 2946.00     0.00E+00
 2944.00     2.50E-10
 2942.00     0.00E+00
 2940.00     2.50E-10
 2938.00     0.00E+00
 2936.00     0.00E+00
 2934.00     7.50E-10
 2932.00     2.50E-10
 2930.00     2.50E-10
 2928.00     0.00E+00
 2926.00     2.50E-10
 2924.00     2.50E-10
 2922.00     5.00E-10
 2920.00     2.50E-10
 2918.00     5.00E-10
 2916.00     2.50E-10
 2914.00     0.00E+00
 2912.00     0.00E+00
 2910.00     2.50E-10
 2908.00     7.50E-10
 2906.00     0.00E+00
 2904.00     7.50E-10
 2902.00     0.00E+00
 2900.00     0.00E+00
 2898.00     5.00E-10
 2896.00     5.00E-10
 2894.00     2.50E-10
 2892.00     2.50E-10
 2890.00     2.50E-10
 2888.00     5.00E-10
 2886.00     2.50E-10
 2884.00     2.50E-10
 2882.00     5.00E-10
 2880.00     5.00E-10
 2878.00     0.00E+00
 2876.00     5.00E-10
 2874.00     0.00E+00
 2872.00     0.00E+00
 2870.00     2.50E-10
 2868.00     5.00E-10
 2866.00     5.00E-10
 2864.00     5.00E-10
 2862.00     2.50E-10
 2860.00     2.50E-10
 2858.00     5.00E-10
 2856.00     0.00E+00
 2854.00     2.50E-10
 2852.00     5.00E-10
 2850.00     2.50E-10
 2848.00     7.50E-10
 2846.00     5.00E-10
 2844.00     1.00E-09
 2842.00     2.50E-10
 2840.00     5.00E-10
 2838.00     5.00E-10
 2836.00     0.00E+00
 2834.00     5.00E-10
 2832.00     0.00E+00
 2830.00     0.00E+00
 2828.00     5.00E-10
 2826.00     7.50E-10
 2824.00     7.50E-10
 2822.00     2.50E-10
 2820.00     0.00E+00
 2818.00     2.50E-10
 2816.00     5.00E-10
 2814.00     5.00E-10
 2812.00     5.00E-10
 2810.00     2.50E-10
 2808.00     1.00E-09
 2806.00     2.50E-10
 2804.00     7.50E-10
 2802.00     2.50E-10
 2800.00     1.00E-09
 2798.00     5.00E-10
 2796.00     0.00E+00
 2794.00     2.50E-10
 2792.00     5.00E-10
 2790.00     2.50E-10
 2788.00     1.00E-09
 2786.00     7.50E-10
 2784.00     5.00E-10
 2782.00     5.00E-10
 2780.00     5.00E-10
 2778.00     2.50E-10
 2776.00     5.00E-10
 2774.00     0.00E+00
 2772.00     5.00E-10
 2770.00     0.00E+00
 2768.00     1.00E-09
 2766.00     5.00E-10
 2764.00     5.00E-10
 2762.00     2.50E-10
 2760.00     7.50E-10
 2758.00     2.50E-10
 2756.00     2.50E-10
 2754.00     2.50E-10
 2752.00     7.50E-10
 2750.00     5.00E-10
 2748.00     1.00E-09
 2746.00     5.00E-10
 2744.00     7.50E-10
 2742.00     5.00E-10
 2740.00     0.00E+00
 2738.00     1.25E-09
 2736.00     2.50E-10
 2734.00     2.50E-10
 2732.00     0.00E+00
 2730.00     1.00E-09
 2728.00     1.25E-09
 2726.00     0.00E+00
 2724.00     1.25E-09
 2722.00     7.50E-10
 2720.00     2.50E-10
 2718.00     1.00E-09
 2716.00     1.25E-09
 2714.00     2.00E-09
 2712.00     1.00E-09
 2710.00     7.50E-10
 2708.00     1.25E-09
 2706.00     1.25E-09
 2704.00     1.25E-09
 2702.00     2.50E-10
 2700.00     1.00E-09
 2698.00     7.50E-10
 2696.00     2.50E-10
 2694.00     5.00E-10
 2692.00     7.50E-10
 2690.00     1.00E-09
 2688.00     7.50E-10
 2686.00     7.50E-10
 2684.00     5.00E-10
 2682.00     1.00E-09
 2680.00     7.50E-10
 2678.00     1.00E-09
 2676.00     1.25E-09
 2674.00     1.75E-09
 2672.00     7.50E-10
 2670.00     1.00E-09
 2668.00     2.00E-09
 2666.00     7.50E-10
 2664.00     1.25E-09
 2662.00     5.00E-10
 2660.00     1.50E-09
 2658.00     2.50E-10
 2656.00     1.00E-09
 2654.00     1.00E-09
 2652.00     2.50E-10
 2650.00     1.75E-09
 2648.00     1.00E-09
 2646.00     2.50E-10
 2644.00     1.00E-09
 2642.00     7.50E-10
 2640.00     7.50E-10
 2638.00     5.00E-10
 2636.00     1.50E-09
 2634.00     5.00E-10
 2632.00     1.00E-09
 2630.00     1.50E-09
 2628.00     2.25E-09
 2626.00     7.50E-10
 2624.00     1.00E-09
 2622.00     5.00E-10
 2620.00     2.25E-09
 2618.00     1.25E-09
 2616.00     1.00E-09
 2614.00     7.50E-10
 2612.00     7.50E-10
 2610.00     1.00E-09
 2608.00     1.00E-09
 2606.00     1.50E-09
 2604.00     2.25E-09
 2602.00     2.25E-09
 2600.00     2.25E-09
 2598.00     1.00E-09
 2596.00     1.25E-09
 2594.00     5.00E-10
 2592.00     1.25E-09
 2590.00     5.00E-10
 2588.00     1.50E-09
 2586.00     7.50E-10
 2584.00     1.75E-09
 2582.00     2.00E-09
 2580.00     1.75E-09
 2578.00     1.00E-09
 2576.00     1.25E-09
 2574.00     1.75E-09
 2572.00     1.25E-09
 2570.00     2.50E-09
 2568.00     2.25E-09
 2566.00     7.50E-10
 2564.00     1.25E-09
 2562.00     1.25E-09
 2560.00     1.00E-09
 2558.00     2.50E-09
 2556.00     2.00E-09
 2554.00     1.25E-09
 2552.00     2.75E-09
 2550.00     1.50E-09
 2548.00     1.75E-09
 2546.00     1.50E-09
 2544.00     1.00E-09
 2542.00     3.00E-09
 2540.00     1.50E-09
 2538.00     1.00E-09
 2536.00     2.25E-09
 2534.00     3.25E-09
 2532.00     7.50E-10
 2530.00     7.50E-10
 2528.00     2.75E-09
 2526.00     3.50E-09
 2524.00     1.50E-09
 2522.00     1.50E-09
 2520.00     1.25E-09
 2518.00     1.50E-09
 2516.00     1.25E-09
 2514.00     3.25E-09
 2512.00     1.25E-09
 2510.00     1.50E-09
 2508.00     1.50E-09
 2506.00     1.75E-09
 2504.00     2.00E-09
 2502.00     1.75E-09
 2500.00     2.25E-09
 2498.00     1.50E-09
 2496.00     3.25E-09
 2494.00     2.50E-09
 2492.00     3.00E-09
 2490.00     2.50E-09
 2488.00     1.75E-09
 2486.00     2.25E-09
 2484.00     2.50E-09
 2482.00     3.00E-09
 2480.00     3.00E-09
 2478.00     3.00E-09
 2476.00     2.75E-09
 2474.00     2.50E-09
 2472.00     3.00E-09
 2470.00     1.50E-09
 2468.00     2.25E-09
 2466.00     2.50E-09
 2464.00     3.75E-09
 2462.00     3.75E-09
 2460.00     1.50E-09
 2458.00     2.25E-09
 2456.00     2.00E-09
 2454.00     3.50E-09
 2452.00     1.25E-09
 2450.00     3.00E-09
 2448.00     5.25E-09
 2446.00     1.00E-09
 2444.00     2.00E-09
 2442.00     4.00E-09
 2440.00     2.25E-09
 2438.00     2.00E-09
 2436.00     2.75E-09
 2434.00     5.00E-09
 2432.00     3.00E-09
 2430.00     2.50E-09
 2428.00     4.75E-09
 2426.00     4.25E-09
 2424.00     4.00E-09
 2422.00     4.25E-09
 2420.00     3.50E-09
 2418.00     2.50E-09
 2416.00     2.25E-09
 2414.00     3.00E-09
 2412.00     4.00E-09
 2410.00     5.00E-09
 2408.00     3.75E-09
 2406.00     2.75E-09
 2404.00     3.50E-09
 2402.00     2.00E-09
 2400.00     3.00E-09
 2398.00     3.25E-09
 2396.00     2.75E-09
 2394.00     4.50E-09
 2392.00     2.50E-09
 2390.00     2.50E-09
 2388.00     2.50E-09
 2386.00     5.25E-09
 2384.00     4.75E-09
 2382.00     3.00E-09
 2380.00     4.00E-09
 2378.00     5.75E-09
 2376.00     3.00E-09
 2374.00     5.00E-09
 2372.00     5.50E-09
 2370.00     4.00E-09
 2368.00     3.75E-09
 2366.00     3.00E-09
 2364.00     7.25E-09
 2362.00     4.50E-09
 2360.00     5.50E-09
 2358.00     3.25E-09
 2356.00     2.50E-09
 2354.00     3.75E-09
 2352.00     4.00E-09
 2350.00     5.50E-09
 2348.00     3.50E-09
 2346.00     5.25E-09
 2344.00     4.75E-09
 2342.00     4.25E-09
 2340.00     5.25E-09
 2338.00     4.75E-09
 2336.00     4.75E-09
 2334.00     6.00E-09
 2332.00     5.50E-09
 2330.00     4.50E-09
 2328.00     4.00E-09
 2326.00     4.75E-09
 2324.00     3.75E-09
 2322.00     6.00E-09
 2320.00     6.00E-09
 2318.00     4.25E-09
 2316.00     4.00E-09
 2314.00     5.25E-09
 2312.00     5.25E-09
 2310.00     5.75E-09
 2308.00     6.00E-09
 2306.00     3.50E-09
 2304.00     4.50E-09
 2302.00     5.50E-09
 2300.00     5.25E-09
 2298.00     6.00E-09
 2296.00     4.50E-09
 2294.00     4.75E-09
 2292.00     4.50E-09
 2290.00     6.50E-09
 2288.00     6.75E-09
 2286.00     4.75E-09
 2284.00     7.75E-09
 2282.00     6.25E-09
 2280.00     5.50E-09
 2278.00     7.25E-09
 2276.00     8.25E-09
 2274.00     7.75E-09
 2272.00     4.75E-09
 2270.00     7.25E-09
 2268.00     6.50E-09
 2266.00     5.25E-09
 2264.00     8.25E-09
 2262.00     7.25E-09
 2260.00     6.50E-09
 2258.00     6.50E-09
 2256.00     6.00E-09
 2254.00     8.00E-09
 2252.00     8.75E-09
 2250.00     6.75E-09
 2248.00     7.50E-09
 2246.00     5.75E-09
 2244.00     6.25E-09
 2242.00     7.75E-09
 2240.00     4.25E-09
 2238.00     8.50E-09
 2236.00     9.25E-09
 2234.00     7.75E-09
 2232.00     7.25E-09
 2230.00     7.25E-09
 2228.00     5.00E-09
 2226.00     5.00E-09
 2224.00     8.50E-09
 2222.00     8.00E-09
 2220.00     8.00E-09
 2218.00     8.75E-09
 2216.00     8.00E-09
 2214.00     8.50E-09
 2212.00     1.02E-08
 2210.00     5.75E-09
 2208.00     7.25E-09
 2206.00     1.12E-08
 2204.00     9.25E-09
 2202.00     8.50E-09
 2200.00     9.50E-09
 2198.00     9.50E-09
 2196.00     1.02E-08
 2194.00     1.02E-08
 2192.00     1.15E-08
 2190.00     9.25E-09
 2188.00     1.22E-08
 2186.00     9.25E-09
 2184.00     1.15E-08
 2182.00     1.22E-08
 2180.00     1.20E-08
 2178.00     1.00E-08
 2176.00     1.02E-08
 2174.00     8.50E-09
 2172.00     7.75E-09
 2170.00     8.75E-09
 2168.00     1.17E-08
 2166.00     1.07E-08
 2164.00     8.50E-09
 2162.00     8.25E-09
 2160.00     1.32E-08
 2158.00     1.02E-08
 2156.00     1.17E-08
 2154.00     1.10E-08
 2152.00     1.07E-08
 2150.00     1.15E-08
 2148.00     9.25E-09
 2146.00     1.05E-08
 2144.00     1.05E-08
 2142.00     1.10E-08
 2140.00     1.50E-08
 2138.00     1.27E-08
 2136.00     1.12E-08
 2134.00     9.50E-09
 2132.00     1.27E-08
 2130.00     1.22E-08
 2128.00     1.47E-08
 2126.00     1.17E-08
 2124.00     1.27E-08
 2122.00     1.35E-08
 2120.00     1.62E-08
 2118.00     1.22E-08
 2116.00     1.15E-08
 2114.00     1.25E-08
 2112.00     1.30E-08
 2110.00     1.17E-08
 2108.00     1.12E-08
 2106.00     1.45E-08
 2104.00     1.30E-08
 2102.00     1.32E-08
 2100.00     1.60E-08
 2098.00     1.37E-08
 2096.00     1.60E-08
 2094.00     1.90E-08
 2092.00     1.57E-08
 2090.00     1.42E-08
 2088.00     1.50E-08
 2086.00     1.42E-08
 2084.00     1.52E-08
 2082.00     1.70E-08
 2080.00     1.67E-08
 2078.00     1.55E-08
 2076.00     1.55E-08
 2074.00     1.60E-08
 2072.00     1.47E-08
 2070.00     1.55E-08
 2068.00     1.25E-08
 2066.00     1.77E-08
 2064.00     1.50E-08
 2062.00     1.42E-08
 2060.00     1.52E-08
 2058.00     1.70E-08
 2056.00     1.60E-08
 2054.00     1.50E-08
 2052.00     1.47E-08
 2050.00     1.22E-08
 2048.00     1.57E-08
 2046.00     1.42E-08
 2044.00     1.52E-08
 2042.00     1.67E-08
 2040.00     1.60E-08
 2038.00     1.92E-08
 2036.00     2.10E-08
 2034.00     2.05E-08
 2032.00     1.82E-08
 2030.00     2.02E-08
 2028.00     1.52E-08
 2026.00     2.00E-08
 2024.00     1.82E-08
 2022.00     1.52E-08
 2020.00     1.82E-08
 2018.00     1.90E-08
 2016.00     2.12E-08
 2014.00     2.10E-08
 2012.00     1.77E-08
 2010.00     1.62E-08
 2008.00     1.90E-08
 2006.00     1.30E-08
 2004.00     1.85E-08
 2002.00     1.57E-08
 2000.00     1.85E-08
 1998.00     1.52E-08
 1996.00     1.77E-08
 1994.00     1.85E-08
 1992.00     1.70E-08
 1990.00     2.20E-08
 1988.00     1.92E-08
 1986.00     2.07E-08
 1984.00     2.23E-08
 1982.00     2.33E-08
 1980.00     1.75E-08
 1978.00     2.15E-08
 1976.00     1.75E-08
 1974.00     1.97E-08
 1972.00     2.20E-08
 1970.00     2.20E-08
 1968.00     2.25E-08
 1966.00     2.18E-08
 1964.00     2.48E-08
 1962.00     1.97E-08
 1960.00     1.87E-08
 1958.00     2.02E-08
 1956.00     2.60E-08
 1954.00     2.15E-08
 1952.00     2.00E-08
 1950.00     2.33E-08
 1948.00     2.48E-08
 1946.00     2.00E-08
 1944.00     2.30E-08
 1942.00     2.02E-08
 1940.00     2.35E-08
 1938.00     2.15E-08
 1936.00     2.15E-08
 1934.00     2.28E-08
 1932.00     1.97E-08
 1930.00     2.20E-08
 1928.00     2.30E-08
 1926.00     2.17E-08
 1924.00     1.92E-08
 1922.00     2.07E-08
 1920.00     2.53E-08
 1918.00     2.30E-08
 1916.00     1.85E-08
 1914.00     2.32E-08
 1912.00     2.63E-08
 1910.00     2.25E-08
 1908.00     1.95E-08
 1906.00     2.73E-08
 1904.00     2.10E-08
 1902.00     1.95E-08
 1900.00     2.38E-08
 1898.00     2.45E-08
 1896.00     2.17E-08
 1894.00     2.75E-08
 1892.00     2.20E-08
 1890.00     2.93E-08
 1888.00     2.73E-08
 1886.00     2.55E-08
 1884.00     2.80E-08
 1882.00     2.73E-08
 1880.00     2.50E-08
 1878.00     2.98E-08
 1876.00     2.70E-08
 1874.00     2.17E-08
 1872.00     2.45E-08
 1870.00     2.48E-08
 1868.00     2.63E-08
 1866.00     2.48E-08
 1864.00     2.65E-08
 1862.00     2.85E-08
 1860.00     2.60E-08
 1858.00     3.08E-08
 1856.00     3.03E-08
 1854.00     3.08E-08
 1852.00     2.80E-08
 1850.00     2.80E-08
 1848.00     2.58E-08
 1846.00     2.38E-08
 1844.00     2.70E-08
 1842.00     2.68E-08
 1840.00     3.10E-08
 1838.00     3.15E-08
 1836.00     2.53E-08
 1834.00     3.05E-08
 1832.00     2.50E-08
 1830.00     3.13E-08
 1828.00     2.53E-08
 1826.00     2.78E-08
 1824.00     2.55E-08
 1822.00     2.40E-08
 1820.00     3.23E-08
 1818.00     2.93E-08
 1816.00     3.45E-08
 1814.00     2.65E-08
 1812.00     3.48E-08
 1810.00     3.10E-08
 1808.00     2.73E-08
 1806.00     3.05E-08
 1804.00     2.50E-08
 1802.00     2.98E-08
 1800.00     2.95E-08
 1798.00     4.00E-08
 1796.00     2.83E-08
 1794.00     3.35E-08
 1792.00     3.25E-08
 1790.00     3.25E-08
 1788.00     3.30E-08
 1786.00     2.95E-08
 1784.00     3.65E-08
 1782.00     3.38E-08
 1780.00     3.18E-08
 1778.00     3.05E-08
 1776.00     3.40E-08
 1774.00     3.43E-08
 1772.00     2.98E-08
 1770.00     3.50E-08
 1768.00     3.18E-08
 1766.00     3.78E-08
 1764.00     3.70E-08
 1762.00     2.90E-08
 1760.00     4.10E-08
 1758.00     3.83E-08
 1756.00     3.48E-08
 1754.00     3.65E-08
 1752.00     3.68E-08
 1750.00     3.30E-08
 1748.00     3.58E-08
 1746.00     3.90E-08
 1744.00     3.88E-08
 1742.00     3.60E-08
 1740.00     4.20E-08
 1738.00     4.05E-08
 1736.00     3.85E-08
 1734.00     3.78E-08
 1732.00     3.93E-08
 1730.00     3.85E-08
 1728.00     4.23E-08
 1726.00     3.58E-08
 1724.00     3.80E-08
 1722.00     4.55E-08
 1720.00     3.65E-08
 1718.00     4.33E-08
 1716.00     4.10E-08
 1714.00     4.60E-08
 1712.00     3.85E-08
 1710.00     4.00E-08
 1708.00     4.05E-08
 1706.00     4.03E-08
 1704.00     4.28E-08
 1702.00     4.50E-08
 1700.00     4.28E-08
 1698.00     3.90E-08
 1696.00     4.48E-08
 1694.00     4.58E-08
 1692.00     4.95E-08
 1690.00     4.58E-08
 1688.00     4.73E-08
 1686.00     4.58E-08
 1684.00     4.35E-08
 1682.00     4.68E-08
 1680.00     4.70E-08
 1678.00     4.65E-08
 1676.00     4.75E-08
 1674.00     4.18E-08
 1672.00     4.85E-08
 1670.00     5.05E-08
 1668.00     5.25E-08
 1666.00     5.03E-08
 1664.00     5.40E-08
 1662.00     5.10E-08
 1660.00     4.73E-08
 1658.00     5.35E-08
 1656.00     5.25E-08
 1654.00     4.98E-08
 1652.00     5.25E-08
 1650.00     5.35E-08
 1648.00     5.22E-08
 1646.00     5.43E-08
 1644.00     5.78E-08
 1642.00     6.38E-08
 1640.00     6.25E-08
 1638.00     5.52E-08
 1636.00     6.25E-08
 1634.00     5.63E-08
 1632.00     5.28E-08
 1630.00     6.10E-08
 1628.00     5.93E-08
 1626.00     5.70E-08
 1624.00     5.95E-08
 1622.00     6.48E-08
 1620.00     6.45E-08
 1618.00     6.50E-08
 1616.00     6.83E-08
 1614.00     6.52E-08
 1612.00     6.10E-08
 1610.00     6.43E-08
 1608.00     6.58E-08
 1606.00     7.03E-08
 1604.00     6.03E-08
 1602.00     6.18E-08
 1600.00     6.73E-08
 1598.00     7.15E-08
 1596.00     7.00E-08
 1594.00     7.53E-08
 1592.00     6.88E-08
 1590.00     6.45E-08
 1588.00     7.58E-08
 1586.00     7.65E-08
 1584.00     7.45E-08
 1582.00     7.78E-08
 1580.00     7.53E-08
 1578.00     7.65E-08
 1576.00     7.53E-08
 1574.00     7.63E-08
 1572.00     8.13E-08
 1570.00     8.18E-08
 1568.00     7.95E-08
 1566.00     8.38E-08
 1564.00     8.25E-08
 1562.00     8.35E-08
 1560.00     8.80E-08
 1558.00     8.50E-08
 1556.00     8.03E-08
 1554.00     9.15E-08
 1552.00     8.70E-08
 1550.00     8.78E-08
 1548.00     8.28E-08
 1546.00     9.45E-08
 1544.00     9.15E-08
 1542.00     9.68E-08
 1540.00     9.28E-08
 1538.00     1.01E-07
 1536.00     9.73E-08
 1534.00     9.73E-08
 1532.00     1.01E-07
 1530.00     1.10E-07
 1528.00     9.53E-08
 1526.00     9.73E-08
 1524.00     1.02E-07
 1522.00     1.06E-07
 1520.00     1.07E-07
 1518.00     1.02E-07
 1516.00     1.09E-07
 1514.00     1.16E-07
 1512.00     1.08E-07
 1510.00     1.11E-07
 1508.00     1.14E-07
 1506.00     1.12E-07
 1504.00     1.19E-07
 1502.00     1.22E-07
 1500.00     1.21E-07
 1498.00     1.16E-07
 1496.00     1.33E-07
 1494.00     1.30E-07
 1492.00     1.22E-07
 1490.00     1.21E-07
 1488.00     1.26E-07
 1486.00     1.31E-07
 1484.00     1.33E-07
 1482.00     1.28E-07
 1480.00     1.28E-07
 1478.00     1.32E-07
 1476.00     1.34E-07
 1474.00     1.39E-07
 1472.00     1.46E-07
 1470.00     1.32E-07
 1468.00     1.43E-07
 1466.00     1.51E-07
 1464.00     1.42E-07
 1462.00     1.50E-07
 1460.00     1.40E-07
 1458.00     1.60E-07
 1456.00     1.47E-07
 1454.00     1.65E-07
 1452.00     1.57E-07
 1450.00     1.56E-07
 1448.00     1.54E-07
 1446.00     1.68E-07
 1444.00     1.68E-07
 1442.00     1.54E-07
 1440.00     1.58E-07
 1438.00     1.63E-07
 1436.00     1.74E-07
 1434.00     1.72E-07
 1432.00     1.84E-07
 1430.00     1.79E-07
 1428.00     1.72E-07
 1426.00     1.81E-07
 1424.00     1.92E-07
 1422.00     1.83E-07
 1420.00     1.95E-07
 1418.00     1.88E-07
 1416.00     1.99E-07
 1414.00     1.90E-07
 1412.00     1.98E-07
 1410.00     1.97E-07
 1408.00     1.87E-07
 1406.00     1.96E-07
 1404.00     1.90E-07
 1402.00     1.98E-07
 1400.00     2.10E-07
 1398.00     1.88E-07
 1396.00     2.28E-07
 1394.00     2.24E-07
 1392.00     2.33E-07
 1390.00     2.29E-07
 1388.00     2.28E-07
 1386.00     2.40E-07
 1384.00     2.22E-07
 1382.00     2.33E-07
 1380.00     2.44E-07
 1378.00     2.42E-07
 1376.00     2.52E-07
 1374.00     2.57E-07
 1372.00     2.39E-07
 1370.00     2.45E-07
 1368.00     2.54E-07
 1366.00     2.51E-07
 1364.00     2.71E-07
 1362.00     2.59E-07
 1360.00     2.65E-07
 1358.00     2.73E-07
 1356.00     2.77E-07
 1354.00     2.77E-07
 1352.00     2.77E-07
 1350.00     2.80E-07
 1348.00     2.98E-07
 1346.00     2.94E-07
 1344.00     2.94E-07
 1342.00     2.92E-07
 1340.00     3.08E-07
 1338.00     2.95E-07
 1336.00     3.15E-07
 1334.00     3.22E-07
 1332.00     3.19E-07
 1330.00     3.05E-07
 1328.00     3.40E-07
 1326.00     3.27E-07
 1324.00     3.43E-07
 1322.00     3.33E-07
 1320.00     3.28E-07
 1318.00     3.56E-07
 1316.00     3.45E-07
 1314.00     3.45E-07
 1312.00     3.53E-07
 1310.00     3.67E-07
 1308.00     3.65E-07
 1306.00     3.82E-07
 1304.00     3.68E-07
 1302.00     3.60E-07
 1300.00     3.75E-07
 1298.00     3.75E-07
 1296.00     3.86E-07
 1294.00     3.91E-07
 1292.00     4.11E-07
 1290.00     4.11E-07
 1288.00     3.93E-07
 1286.00     4.24E-07
 1284.00     4.33E-07
 1282.00     4.29E-07
 1280.00     4.33E-07
 1278.00     4.42E-07
 1276.00     4.17E-07
 1274.00     4.38E-07
 1272.00     4.36E-07
 1270.00     4.51E-07
 1268.00     4.71E-07
 1266.00     4.65E-07
 1264.00     4.66E-07
 1262.00     4.83E-07
 1260.00     4.72E-07
 1258.00     4.91E-07
 1256.00     4.97E-07
 1254.00     5.04E-07
 1252.00     4.89E-07
 1250.00     5.02E-07
 1248.00     5.11E-07
 1246.00     5.27E-07
 1244.00     5.24E-07
 1242.00     5.56E-07
 1240.00     5.39E-07
 1238.00     5.63E-07
 1236.00     5.70E-07
 1234.00     5.54E-07
 1232.00     5.74E-07
 1230.00     5.88E-07
 1228.00     5.90E-07
 1226.00     5.93E-07
 1224.00     6.14E-07
 1222.00     6.04E-07
 1220.00     6.21E-07
 1218.00     6.12E-07
 1216.00     6.28E-07
 1214.00     6.38E-07
 1212.00     6.14E-07
 1210.00     6.54E-07
 1208.00     6.65E-07
 1206.00     6.65E-07
 1204.00     6.59E-07
 1202.00     6.73E-07
 1200.00     7.00E-07
 1198.00     6.97E-07
 1196.00     7.00E-07
 1194.00     7.19E-07
 1192.00     7.04E-07
 1190.00     7.29E-07
 1188.00     7.40E-07
 1186.00     7.46E-07
 1184.00     7.39E-07
 1182.00     7.62E-07
 1180.00     8.19E-07
 1178.00     7.81E-07
 1176.00     8.08E-07
 1174.00     8.21E-07
 1172.00     8.30E-07
 1170.00     8.22E-07
 1168.00     8.19E-07
 1166.00     8.39E-07
 1164.00     8.77E-07
 1162.00     8.77E-07
 1160.00     8.78E-07
 1158.00     8.77E-07
 1156.00     9.21E-07
 1154.00     9.24E-07
 1152.00     9.19E-07
 1150.00     9.27E-07
 1148.00     9.35E-07
 1146.00     9.68E-07
 1144.00     9.76E-07
 1142.00     9.98E-07
 1140.00     1.01E-06
 1138.00     9.95E-07
 1136.00     1.04E-06
 1134.00     1.06E-06
 1132.00     1.03E-06
 1130.00     1.04E-06
 1128.00     1.12E-06
 1126.00     1.12E-06
 1124.00     1.11E-06
 1122.00     1.11E-06
 1120.00     1.13E-06
 1118.00     1.13E-06
 1116.00     1.15E-06
 1114.00     1.14E-06
 1112.00     1.17E-06
 1110.00     1.20E-06
 1108.00     1.21E-06
 1106.00     1.26E-06
 1104.00     1.25E-06
 1102.00     1.25E-06
 1100.00     1.29E-06
 1098.00     1.31E-06
 1096.00     1.34E-06
 1094.00     1.31E-06
 1092.00     1.36E-06
 1090.00     1.36E-06
 1088.00     1.36E-06
 1086.00     1.42E-06
 1084.00     1.41E-06
 1082.00     1.44E-06
 1080.00     1.43E-06
 1078.00     1.48E-06
 1076.00     1.49E-06
 1074.00     1.53E-06
 1072.00     1.49E-06
 1070.00     1.51E-06
 1068.00     1.58E-06
 1066.00     1.55E-06
 1064.00     1.58E-06
 1062.00     1.62E-06
 1060.00     1.63E-06
 1058.00     1.63E-06
 1056.00     1.69E-06
 1054.00     1.70E-06
 1052.00     1.74E-06
 1050.00     1.77E-06
 1048.00     1.77E-06
 1046.00     1.78E-06
 1044.00     1.84E-06
 1042.00     1.84E-06
 1040.00     1.86E-06
 1038.00     1.88E-06
 1036.00     1.93E-06
 1034.00     1.94E-06
 1032.00     1.92E-06
 1030.00     1.99E-06
 1028.00     1.99E-06
 1026.00     2.02E-06
 1024.00     2.04E-06
 1022.00     2.04E-06
 1020.00     2.10E-06
 1018.00     2.07E-06
 1016.00     2.09E-06
 1014.00     2.21E-06
 1012.00     2.22E-06
 1010.00     2.24E-06
 1008.00     2.25E-06
 1006.00     2.30E-06
 1004.00     2.33E-06
 1002.00     2.36E-06
 1000.00     2.36E-06
  998.00     2.40E-06
  996.00     2.46E-06
  994.00     2.44E-06
  992.00     2.49E-06
  990.00     2.55E-06
  988.00     2.52E-06
  986.00     2.59E-06
  984.00     2.62E-06
  982.00     2.69E-06
  980.00     2.71E-06
  978.00     2.71E-06
  976.00     2.77E-06
  974.00     2.79E-06
  972.00     2.78E-06
  970.00     2.87E-06
  968.00     2.89E-06
  966.00     2.94E-06
  964.00     2.96E-06
  962.00     3.07E-06
  960.00     3.05E-06
  958.00     3.07E-06
  956.00     3.13E-06
  954.00     3.13E-06
  952.00     3.21E-06
  950.00     3.29E-06
  948.00     3.31E-06
  946.00     3.34E-06
  944.00     3.41E-06
  942.00     3.44E-06
  940.00     3.46E-06
  938.00     3.46E-06
  936.00     3.56E-06
  934.00     3.59E-06
  932.00     3.66E-06
  930.00     3.74E-06
  928.00     3.78E-06
  926.00     3.77E-06
  924.00     3.80E-06
  922.00     3.87E-06
  920.00     3.98E-06
  918.00     4.05E-06
  916.00     4.00E-06
  914.00     4.13E-06
  912.00     4.13E-06
  910.00     4.22E-06
  908.00     4.27E-06
  906.00     4.31E-06
  904.00     4.30E-06
  902.00     4.45E-06
  900.00     4.46E-06
  898.00     4.47E-06
  896.00     4.57E-06
  894.00     4.65E-06
  892.00     4.73E-06
  890.00     4.76E-06
  888.00     4.77E-06
  886.00     4.88E-06
  884.00     4.90E-06
  882.00     4.96E-06
  880.00     5.10E-06
  878.00     5.10E-06
  876.00     5.15E-06
  874.00     5.23E-06
  872.00     5.42E-06
  870.00     5.38E-06
  868.00     5.45E-06
  866.00     5.48E-06
  864.00     5.62E-06
  862.00     5.65E-06
  860.00     5.79E-06
  858.00     5.79E-06
  856.00     5.89E-06
  854.00     6.01E-06
  852.00     6.09E-06
  850.00     6.18E-06
  848.00     6.22E-06
  846.00     6.31E-06
  844.00     6.37E-06
  842.00     6.47E-06
  840.00     6.58E-06
  838.00     6.64E-06
  836.00     6.70E-06
  834.00     6.75E-06
  832.00     6.85E-06
  830.00     7.04E-06
  828.00     7.07E-06
  826.00     7.12E-06
  824.00     7.23E-06
  822.00     7.34E-06
  820.00     7.49E-06
  818.00     7.60E-06
  816.00     7.68E-06
  814.00     7.76E-06
  812.00     8.05E-06
  810.00     8.00E-06
  808.00     8.10E-06
  806.00     8.24E-06
  804.00     8.33E-06
  802.00     8.50E-06
  800.00     8.46E-06
  798.00     8.66E-06
  796.00     8.84E-06
  794.00     8.93E-06
  792.00     9.04E-06
  790.00     9.12E-06
  788.00     9.38E-06
  786.00     9.42E-06
  784.00     9.50E-06
  782.00     9.61E-06
  780.00     9.82E-06
  778.00     1.01E-05
  776.00     1.02E-05
  774.00     1.03E-05
  772.00     1.04E-05
  770.00     1.06E-05
  768.00     1.07E-05
  766.00     1.08E-05
  764.00     1.11E-05
  762.00     1.11E-05
  760.00     1.12E-05
  758.00     1.16E-05
  756.00     1.18E-05
  754.00     1.19E-05
  752.00     1.20E-05
  750.00     1.22E-05
  748.00     1.24E-05
  746.00     1.26E-05
  744.00     1.26E-05
  742.00     1.28E-05
  740.00     1.31E-05
  738.00     1.32E-05
  736.00     1.33E-05
  734.00     1.37E-05
  732.00     1.39E-05
  730.00     1.39E-05
  728.00     1.42E-05
  726.00     1.44E-05
  724.00     1.47E-05
  722.00     1.48E-05
  720.00     1.52E-05
  718.00     1.54E-05
  716.00     1.54E-05
  714.00     1.58E-05
  712.00     1.60E-05
  710.00     1.63E-05
  708.00     1.63E-05
  706.00     1.67E-05
  704.00     1.69E-05
  702.00     1.71E-05
  700.00     1.74E-05
  698.00     1.76E-05
  696.00     1.80E-05
  694.00     1.81E-05
  692.00     1.85E-05
  690.00     1.87E-05
  688.00     1.89E-05
  686.00     1.92E-05
  684.00     1.96E-05
  682.00     1.98E-05
  680.00     2.02E-05
  678.00     2.04E-05
  676.00     2.09E-05
  674.00     2.12E-05
  672.00     2.13E-05
  670.00     2.18E-05
  668.00     2.19E-05
  666.00     2.24E-05
  664.00     2.26E-05
  662.00     2.30E-05
  660.00     2.35E-05
  658.00     2.37E-05
  656.00     2.42E-05
  654.00     2.45E-05
  652.00     2.47E-05
  650.00     2.52E-05
  648.00     2.57E-05
  646.00     2.61E-05
  644.00     2.62E-05
  642.00     2.68E-05
  640.00     2.72E-05
  638.00     2.78E-05
  636.00     2.82E-05
  634.00     2.85E-05
  632.00     2.89E-05
  630.00     2.95E-05
  628.00     3.00E-05
  626.00     3.04E-05
  624.00     3.09E-05
  622.00     3.15E-05
  620.00     3.19E-05
  618.00     3.24E-05
  616.00     3.29E-05
  614.00     3.34E-05
  612.00     3.41E-05
  610.00     3.44E-05
  608.00     3.51E-05
  606.00     3.57E-05
  604.00     3.59E-05
  602.00     3.65E-05
  600.00     3.71E-05
  598.00     3.78E-05
  596.00     3.83E-05
  594.00     3.89E-05
  592.00     3.96E-05
  590.00     4.03E-05
  588.00     4.09E-05
  586.00     4.17E-05
  584.00     4.20E-05
  582.00     4.29E-05
  580.00     4.34E-05
  578.00     4.43E-05
  576.00     4.47E-05
  574.00     4.53E-05
  572.00     4.61E-05
  570.00     4.70E-05
  568.00     4.76E-05
  566.00     4.84E-05
  564.00     4.93E-05
  562.00     5.01E-05
  560.00     5.10E-05
  558.00     5.18E-05
  556.00     5.29E-05
  554.00     5.38E-05
  552.00     5.47E-05
  550.00     5.57E-05
  548.00     5.69E-05
  546.00     5.78E-05
  544.00     5.86E-05
  542.00     5.95E-05
  540.00     6.09E-05
  538.00     6.18E-05
  536.00     6.32E-05
  534.00     6.43E-05
  532.00     6.53E-05
  530.00     6.67E-05
  528.00     6.79E-05
  526.00     6.92E-05
  524.00     7.04E-05
  522.00     7.15E-05
  520.00     7.29E-05
  518.00     7.41E-05
  516.00     7.52E-05
  514.00     7.65E-05
  512.00     7.79E-05
  510.00     7.92E-05
  508.00     8.08E-05
  506.00     8.25E-05
  504.00     8.36E-05
  502.00     8.47E-05
  500.00     8.62E-05
  498.00     8.83E-05
  496.00     8.96E-05
  494.00     9.11E-05
  492.00     9.34E-05
  490.00     9.55E-05
  488.00     9.74E-05
  486.00     9.90E-05
  484.00     1.01E-04
  482.00     1.03E-04
  480.00     1.06E-04
  478.00     1.08E-04
  476.00     1.09E-04
  474.00     1.11E-04
  472.00     1.14E-04
  470.00     1.16E-04
  468.00     1.18E-04
  466.00     1.20E-04
  464.00     1.23E-04
  462.00     1.24E-04
  460.00     1.27E-04
  458.00     1.30E-04
  456.00     1.32E-04
  454.00     1.35E-04
  452.00     1.38E-04
  450.00     1.41E-04
  448.00     1.44E-04
  446.00     1.47E-04
  444.00     1.50E-04
  442.00     1.53E-04
  440.00     1.56E-04
  438.00     1.59E-04
  436.00     1.62E-04
  434.00     1.64E-04
  432.00     1.68E-04
  430.00     1.72E-04
  428.00     1.76E-04
  426.00     1.81E-04
  424.00     1.84E-04
  422.00     1.87E-04
  420.00     1.91E-04
  418.00     1.95E-04
  416.00     1.97E-04
  414.00     2.01E-04
  412.00     2.05E-04
  410.00     2.09E-04
  408.00     2.15E-04
  406.00     2.18E-04
  404.00     2.21E-04
  402.00     2.24E-04
  400.00     2.27E-04
  398.00     2.32E-04
  396.00     2.36E-04
  394.00     2.39E-04
  392.00     2.41E-04
  390.00     2.43E-04
  388.00     2.45E-04
  386.00     2.44E-04
  384.00     2.41E-04
  382.00     2.38E-04
  380.00     2.34E-04
  378.00     2.26E-04
  376.00     2.15E-04
  374.00     2.01E-04
  372.00     1.85E-04
  370.00     1.68E-04
  368.00     1.47E-04
  366.00     1.18E-04
  364.00     8.13E-05
  362.00     4.29E-05
  360.00     1.59E-05
  358.00     3.42E-06
  356.00     5.19E-07
  354.00     8.27E-08
  352.00     1.45E-08
  350.00     0.00E+00
  348.00     0.00E+00
  346.00     0.00E+00
  344.00     0.00E+00
  342.00     0.00E+00
  340.00     0.00E+00
  338.00     0.00E+00
  336.00     0.00E+00
  334.00     0.00E+00
  332.00     0.00E+00
  330.00     0.00E+00
  328.00     0.00E+00
  326.00     0.00E+00
  324.00     0.00E+00
  322.00     0.00E+00
  320.00     0.00E+00
  318.00     0.00E+00
  316.00     0.00E+00
  314.00     0.00E+00
  312.00     0.00E+00
  310.00     0.00E+00
  308.00     0.00E+00
  306.00     0.00E+00
  304.00     0.00E+00
  302.00     0.00E+00
  300.00     0.00E+00
  298.00     0.00E+00
  296.00     0.00E+00
  294.00     0.00E+00
  292.00     0.00E+00
  290.00     0.00E+00
  288.00     0.00E+00
  286.00     0.00E+00
  284.00     0.00E+00
  282.00     0.00E+00
  280.00     0.00E+00
  278.00     0.00E+00
  276.00     0.00E+00
  274.00     0.00E+00
  272.00     0.00E+00
  270.00     0.00E+00
  268.00     0.00E+00
  266.00     0.00E+00
  264.00     0.00E+00
  262.00     0.00E+00
  260.00     0.00E+00
  258.00     0.00E+00
  256.00     0.00E+00
  254.00     0.00E+00
  252.00     0.00E+00
  250.00     0.00E+00
  248.00     0.00E+00
  246.00     0.00E+00
  244.00     0.00E+00
  242.00     0.00E+00
  240.00     0.00E+00
  238.00     0.00E+00
  236.00     0.00E+00
  234.00     0.00E+00
  232.00     0.00E+00
  230.00     0.00E+00
  228.00     0.00E+00
  226.00     0.00E+00
  224.00     0.00E+00
  222.00     0.00E+00
  220.00     0.00E+00
  218.00     0.00E+00
  216.00     0.00E+00
  214.00     0.00E+00
  212.00     0.00E+00
  210.00     0.00E+00
  208.00     0.00E+00
  206.00     0.00E+00
  204.00     0.00E+00
  202.00     0.00E+00
  200.00     0.00E+00
  198.00     0.00E+00
  196.00     0.00E+00
  194.00     0.00E+00
  192.00     0.00E+00
  190.00     0.00E+00
  188.00     0.00E+00
  186.00     0.00E+00
  184.00     0.00E+00
  182.00     0.00E+00
  180.00     0.00E+00
  178.00     0.00E+00
  176.00     0.00E+00
  174.00     0.00E+00
  172.00     0.00E+00
  170.00     0.00E+00
  168.00     0.00E+00
  166.00     0.00E+00
  164.00     0.00E+00
  162.00     0.00E+00
  160.00     0.00E+00
  158.00     0.00E+00
  156.00     0.00E+00
  154.00     0.00E+00
  152.00     0.00E+00
  150.00     0.00E+00
  148.00     0.00E+00
  146.00     0.00E+00
  144.00     0.00E+00
  142.00     0.00E+00
  140.00     0.00E+00
  138.00     0.00E+00
  136.00     0.00E+00
  134.00     0.00E+00
  132.00     0.00E+00
  130.00     0.00E+00
  128.00     0.00E+00
  126.00     0.00E+00
  124.00     0.00E+00
  122.00     0.00E+00
  120.00     0.00E+00
  118.00     0.00E+00
  116.00     0.00E+00
  114.00     0.00E+00
  112.00     0.00E+00
  110.00     0.00E+00
  108.00     0.00E+00
  106.00     0.00E+00
  104.00     0.00E+00
  102.00     0.00E+00
  100.00     0.00E+00
   98.00     0.00E+00
   96.00     0.00E+00
   94.00     0.00E+00
   92.00     0.00E+00
   90.00     0.00E+00
   88.00     0.00E+00
   86.00     0.00E+00
   84.00     0.00E+00
   82.00     0.00E+00
   80.00     0.00E+00
   78.00     0.00E+00
   76.00     0.00E+00
   74.00     0.00E+00
   72.00     0.00E+00
   70.00     0.00E+00
   68.00     0.00E+00
   66.00     0.00E+00
   64.00     0.00E+00
   62.00     0.00E+00
   60.00     0.00E+00
   58.00     0.00E+00
   56.00     0.00E+00
   54.00     0.00E+00
   52.00     0.00E+00
   50.00     0.00E+00
   48.00     0.00E+00
   46.00     0.00E+00
   44.00     0.00E+00
   42.00     0.00E+00
   40.00     0.00E+00
   38.00     0.00E+00
   36.00     0.00E+00
   34.00     0.00E+00
   32.00     0.00E+00
   30.00     0.00E+00
   28.00     0.00E+00
   26.00     0.00E+00
   24.00     0.00E+00
   22.00     0.00E+00
   20.00     0.00E+00
   18.00     0.00E+00
   16.00     0.00E+00
   14.00     0.00E+00
   12.00     0.00E+00
   10.00     0.00E+00
    8.00     0.00E+00
    6.00     0.00E+00
    4.00     0.00E+00
    2.00     0.00E+00
    0.00     0.00E+00
   -2.00     0.00E+00
   -4.00     0.00E+00
   -6.00     0.00E+00
   -8.00     0.00E+00
  -10.00     0.00E+00
  -12.00     0.00E+00
  -14.00     0.00E+00
  -16.00     0.00E+00
  -18.00     0.00E+00
  -20.00     0.00E+00
  -22.00     0.00E+00
  -24.00     0.00E+00
  -26.00     0.00E+00
  -28.00     0.00E+00
  -30.00     0.00E+00
  -32.00     0.00E+00
  -34.00     0.00E+00
  -36.00     0.00E+00
  -38.00     0.00E+00
  -40.00     0.00E+00
  -42.00     0.00E+00
  -44.00     0.00E+00
  -46.00     0.00E+00
  -48.00     0.00E+00
  -50.00     0.00E+00
  -52.00     0.00E+00
  -54.00     0.00E+00
  -56.00     0.00E+00
  -58.00     0.00E+00
  -60.00     0.00E+00
  -62.00     0.00E+00
  -64.00     0.00E+00
  -66.00     0.00E+00
  -68.00     0.00E+00
  -70.00     0.00E+00
  -72.00     0.00E+00
  -74.00     0.00E+00
  -76.00     0.00E+00
  -78.00     0.00E+00
  -80.00     0.00E+00
  -82.00     0.00E+00
  -84.00     0.00E+00
  -86.00     0.00E+00
  -88.00     0.00E+00
