 H_2^+ production rate [cm^-3 s^-1] from sulfur ion precipitation.
 Input of 1 ion/cm^2/s.
 Alt [km] Production Rate
 2998.00     1.36E-04
 2996.00     1.51E-04
 2994.00     1.99E-04
 2992.00     2.16E-04
 2990.00     1.33E-04
 2988.00     1.15E-04
 2986.00     2.05E-04
 2984.00     1.07E-04
 2982.00     1.88E-04
 2980.00     1.58E-04
 2978.00     1.92E-04
 2976.00     1.91E-04
 2974.00     1.30E-04
 2972.00     1.76E-04
 2970.00     1.90E-04
 2968.00     1.51E-04
 2966.00     1.44E-04
 2964.00     2.67E-04
 2962.00     1.41E-04
 2960.00     1.42E-04
 2958.00     1.63E-04
 2956.00     2.82E-04
 2954.00     2.47E-04
 2952.00     1.96E-04
 2950.00     2.36E-04
 2948.00     1.93E-04
 2946.00     2.16E-04
 2944.00     2.27E-04
 2942.00     2.38E-04
 2940.00     2.06E-04
 2938.00     2.16E-04
 2936.00     2.39E-04
 2934.00     2.57E-04
 2932.00     2.01E-04
 2930.00     2.03E-04
 2928.00     2.30E-04
 2926.00     2.58E-04
 2924.00     2.00E-04
 2922.00     3.13E-04
 2920.00     1.79E-04
 2918.00     2.45E-04
 2916.00     2.55E-04
 2914.00     1.81E-04
 2912.00     2.20E-04
 2910.00     2.26E-04
 2908.00     2.63E-04
 2906.00     3.23E-04
 2904.00     2.18E-04
 2902.00     2.67E-04
 2900.00     1.85E-04
 2898.00     2.85E-04
 2896.00     3.42E-04
 2894.00     2.96E-04
 2892.00     2.78E-04
 2890.00     2.29E-04
 2888.00     2.84E-04
 2886.00     2.65E-04
 2884.00     2.10E-04
 2882.00     2.35E-04
 2880.00     3.27E-04
 2878.00     3.33E-04
 2876.00     2.78E-04
 2874.00     2.57E-04
 2872.00     3.71E-04
 2870.00     2.41E-04
 2868.00     3.23E-04
 2866.00     2.92E-04
 2864.00     3.48E-04
 2862.00     2.61E-04
 2860.00     3.14E-04
 2858.00     4.05E-04
 2856.00     3.16E-04
 2854.00     4.64E-04
 2852.00     3.73E-04
 2850.00     3.35E-04
 2848.00     4.32E-04
 2846.00     3.48E-04
 2844.00     3.88E-04
 2842.00     3.19E-04
 2840.00     3.45E-04
 2838.00     2.99E-04
 2836.00     3.45E-04
 2834.00     4.00E-04
 2832.00     3.82E-04
 2830.00     3.91E-04
 2828.00     4.17E-04
 2826.00     4.42E-04
 2824.00     3.72E-04
 2822.00     3.74E-04
 2820.00     3.29E-04
 2818.00     4.05E-04
 2816.00     3.85E-04
 2814.00     4.69E-04
 2812.00     4.65E-04
 2810.00     4.04E-04
 2808.00     5.11E-04
 2806.00     4.39E-04
 2804.00     4.52E-04
 2802.00     4.94E-04
 2800.00     5.08E-04
 2798.00     4.63E-04
 2796.00     4.60E-04
 2794.00     5.71E-04
 2792.00     4.67E-04
 2790.00     3.96E-04
 2788.00     5.13E-04
 2786.00     3.60E-04
 2784.00     5.28E-04
 2782.00     3.65E-04
 2780.00     5.33E-04
 2778.00     5.54E-04
 2776.00     4.58E-04
 2774.00     4.59E-04
 2772.00     4.75E-04
 2770.00     5.84E-04
 2768.00     4.08E-04
 2766.00     4.67E-04
 2764.00     5.13E-04
 2762.00     5.18E-04
 2760.00     5.94E-04
 2758.00     5.64E-04
 2756.00     5.00E-04
 2754.00     5.11E-04
 2752.00     7.27E-04
 2750.00     6.21E-04
 2748.00     6.91E-04
 2746.00     5.14E-04
 2744.00     5.72E-04
 2742.00     5.32E-04
 2740.00     6.46E-04
 2738.00     6.23E-04
 2736.00     6.80E-04
 2734.00     6.31E-04
 2732.00     6.62E-04
 2730.00     7.26E-04
 2728.00     7.42E-04
 2726.00     5.87E-04
 2724.00     7.60E-04
 2722.00     6.46E-04
 2720.00     5.72E-04
 2718.00     6.31E-04
 2716.00     8.02E-04
 2714.00     9.37E-04
 2712.00     6.20E-04
 2710.00     9.20E-04
 2708.00     6.57E-04
 2706.00     8.50E-04
 2704.00     9.49E-04
 2702.00     7.64E-04
 2700.00     8.36E-04
 2698.00     7.79E-04
 2696.00     7.06E-04
 2694.00     8.08E-04
 2692.00     7.26E-04
 2690.00     8.89E-04
 2688.00     7.73E-04
 2686.00     8.27E-04
 2684.00     7.30E-04
 2682.00     9.28E-04
 2680.00     9.51E-04
 2678.00     8.82E-04
 2676.00     9.53E-04
 2674.00     8.59E-04
 2672.00     9.21E-04
 2670.00     1.13E-03
 2668.00     9.82E-04
 2666.00     8.61E-04
 2664.00     1.02E-03
 2662.00     7.85E-04
 2660.00     9.86E-04
 2658.00     1.15E-03
 2656.00     9.72E-04
 2654.00     1.11E-03
 2652.00     1.10E-03
 2650.00     1.07E-03
 2648.00     9.81E-04
 2646.00     9.18E-04
 2644.00     1.05E-03
 2642.00     1.12E-03
 2640.00     1.03E-03
 2638.00     1.03E-03
 2636.00     1.08E-03
 2634.00     1.11E-03
 2632.00     1.19E-03
 2630.00     1.27E-03
 2628.00     1.21E-03
 2626.00     1.16E-03
 2624.00     1.18E-03
 2622.00     1.22E-03
 2620.00     1.40E-03
 2618.00     1.13E-03
 2616.00     1.23E-03
 2614.00     1.23E-03
 2612.00     1.20E-03
 2610.00     1.22E-03
 2608.00     1.27E-03
 2606.00     1.44E-03
 2604.00     1.31E-03
 2602.00     1.35E-03
 2600.00     1.43E-03
 2598.00     1.25E-03
 2596.00     1.31E-03
 2594.00     1.15E-03
 2592.00     1.39E-03
 2590.00     1.28E-03
 2588.00     1.34E-03
 2586.00     1.51E-03
 2584.00     1.42E-03
 2582.00     1.53E-03
 2580.00     1.65E-03
 2578.00     1.48E-03
 2576.00     1.69E-03
 2574.00     1.60E-03
 2572.00     1.66E-03
 2570.00     1.64E-03
 2568.00     1.70E-03
 2566.00     1.61E-03
 2564.00     1.61E-03
 2562.00     1.54E-03
 2560.00     1.69E-03
 2558.00     1.84E-03
 2556.00     1.75E-03
 2554.00     1.69E-03
 2552.00     1.84E-03
 2550.00     1.68E-03
 2548.00     1.86E-03
 2546.00     1.74E-03
 2544.00     1.78E-03
 2542.00     1.95E-03
 2540.00     1.88E-03
 2538.00     1.68E-03
 2536.00     1.97E-03
 2534.00     1.91E-03
 2532.00     1.83E-03
 2530.00     1.81E-03
 2528.00     1.96E-03
 2526.00     2.02E-03
 2524.00     1.78E-03
 2522.00     1.94E-03
 2520.00     1.88E-03
 2518.00     2.13E-03
 2516.00     1.96E-03
 2514.00     2.21E-03
 2512.00     1.96E-03
 2510.00     2.00E-03
 2508.00     2.23E-03
 2506.00     2.01E-03
 2504.00     2.11E-03
 2502.00     2.27E-03
 2500.00     2.05E-03
 2498.00     2.34E-03
 2496.00     2.42E-03
 2494.00     2.25E-03
 2492.00     2.22E-03
 2490.00     2.43E-03
 2488.00     2.11E-03
 2486.00     2.35E-03
 2484.00     2.42E-03
 2482.00     2.23E-03
 2480.00     2.50E-03
 2478.00     2.48E-03
 2476.00     2.40E-03
 2474.00     2.68E-03
 2472.00     2.63E-03
 2470.00     2.56E-03
 2468.00     2.71E-03
 2466.00     2.65E-03
 2464.00     2.62E-03
 2462.00     2.68E-03
 2460.00     2.58E-03
 2458.00     3.08E-03
 2456.00     2.73E-03
 2454.00     2.88E-03
 2452.00     2.81E-03
 2450.00     2.81E-03
 2448.00     2.91E-03
 2446.00     2.89E-03
 2444.00     3.12E-03
 2442.00     2.93E-03
 2440.00     2.91E-03
 2438.00     3.03E-03
 2436.00     3.21E-03
 2434.00     3.46E-03
 2432.00     3.00E-03
 2430.00     2.98E-03
 2428.00     3.21E-03
 2426.00     3.72E-03
 2424.00     3.33E-03
 2422.00     3.56E-03
 2420.00     3.38E-03
 2418.00     3.28E-03
 2416.00     3.30E-03
 2414.00     3.59E-03
 2412.00     3.44E-03
 2410.00     3.28E-03
 2408.00     3.22E-03
 2406.00     3.61E-03
 2404.00     3.67E-03
 2402.00     3.54E-03
 2400.00     3.57E-03
 2398.00     3.75E-03
 2396.00     3.69E-03
 2394.00     3.89E-03
 2392.00     3.59E-03
 2390.00     3.73E-03
 2388.00     4.07E-03
 2386.00     3.91E-03
 2384.00     3.95E-03
 2382.00     4.13E-03
 2380.00     4.04E-03
 2378.00     3.98E-03
 2376.00     4.13E-03
 2374.00     4.31E-03
 2372.00     4.45E-03
 2370.00     4.13E-03
 2368.00     4.25E-03
 2366.00     4.28E-03
 2364.00     4.29E-03
 2362.00     4.74E-03
 2360.00     4.82E-03
 2358.00     4.28E-03
 2356.00     4.13E-03
 2354.00     4.30E-03
 2352.00     4.46E-03
 2350.00     4.88E-03
 2348.00     4.80E-03
 2346.00     5.03E-03
 2344.00     4.98E-03
 2342.00     4.90E-03
 2340.00     4.81E-03
 2338.00     4.85E-03
 2336.00     4.94E-03
 2334.00     5.08E-03
 2332.00     5.37E-03
 2330.00     5.25E-03
 2328.00     4.76E-03
 2326.00     5.03E-03
 2324.00     5.09E-03
 2322.00     5.23E-03
 2320.00     5.31E-03
 2318.00     5.46E-03
 2316.00     5.45E-03
 2314.00     5.27E-03
 2312.00     5.31E-03
 2310.00     5.78E-03
 2308.00     5.31E-03
 2306.00     5.43E-03
 2304.00     5.93E-03
 2302.00     5.94E-03
 2300.00     5.91E-03
 2298.00     5.98E-03
 2296.00     5.70E-03
 2294.00     5.54E-03
 2292.00     5.76E-03
 2290.00     6.45E-03
 2288.00     6.16E-03
 2286.00     5.88E-03
 2284.00     6.62E-03
 2282.00     6.43E-03
 2280.00     6.31E-03
 2278.00     6.51E-03
 2276.00     6.60E-03
 2274.00     6.75E-03
 2272.00     6.45E-03
 2270.00     6.32E-03
 2268.00     6.98E-03
 2266.00     6.90E-03
 2264.00     7.19E-03
 2262.00     7.15E-03
 2260.00     6.76E-03
 2258.00     6.70E-03
 2256.00     6.98E-03
 2254.00     7.51E-03
 2252.00     7.37E-03
 2250.00     6.66E-03
 2248.00     7.42E-03
 2246.00     7.41E-03
 2244.00     7.41E-03
 2242.00     7.68E-03
 2240.00     7.60E-03
 2238.00     7.69E-03
 2236.00     7.91E-03
 2234.00     7.84E-03
 2232.00     8.02E-03
 2230.00     7.99E-03
 2228.00     8.15E-03
 2226.00     8.20E-03
 2224.00     8.47E-03
 2222.00     8.83E-03
 2220.00     8.64E-03
 2218.00     8.25E-03
 2216.00     8.63E-03
 2214.00     8.61E-03
 2212.00     8.51E-03
 2210.00     8.23E-03
 2208.00     8.87E-03
 2206.00     9.03E-03
 2204.00     9.27E-03
 2202.00     8.78E-03
 2200.00     9.27E-03
 2198.00     9.26E-03
 2196.00     9.58E-03
 2194.00     9.54E-03
 2192.00     9.87E-03
 2190.00     9.95E-03
 2188.00     9.47E-03
 2186.00     9.23E-03
 2184.00     9.29E-03
 2182.00     1.02E-02
 2180.00     9.37E-03
 2178.00     9.49E-03
 2176.00     9.79E-03
 2174.00     9.78E-03
 2172.00     1.04E-02
 2170.00     1.01E-02
 2168.00     1.05E-02
 2166.00     1.02E-02
 2164.00     1.08E-02
 2162.00     1.07E-02
 2160.00     1.09E-02
 2158.00     1.11E-02
 2156.00     1.05E-02
 2154.00     1.09E-02
 2152.00     1.09E-02
 2150.00     1.10E-02
 2148.00     1.13E-02
 2146.00     1.08E-02
 2144.00     1.12E-02
 2142.00     1.15E-02
 2140.00     1.22E-02
 2138.00     1.14E-02
 2136.00     1.20E-02
 2134.00     1.19E-02
 2132.00     1.19E-02
 2130.00     1.17E-02
 2128.00     1.22E-02
 2126.00     1.20E-02
 2124.00     1.23E-02
 2122.00     1.27E-02
 2120.00     1.24E-02
 2118.00     1.31E-02
 2116.00     1.21E-02
 2114.00     1.27E-02
 2112.00     1.25E-02
 2110.00     1.24E-02
 2108.00     1.25E-02
 2106.00     1.32E-02
 2104.00     1.35E-02
 2102.00     1.30E-02
 2100.00     1.32E-02
 2098.00     1.34E-02
 2096.00     1.32E-02
 2094.00     1.35E-02
 2092.00     1.31E-02
 2090.00     1.39E-02
 2088.00     1.40E-02
 2086.00     1.43E-02
 2084.00     1.41E-02
 2082.00     1.46E-02
 2080.00     1.46E-02
 2078.00     1.46E-02
 2076.00     1.48E-02
 2074.00     1.44E-02
 2072.00     1.42E-02
 2070.00     1.48E-02
 2068.00     1.44E-02
 2066.00     1.56E-02
 2064.00     1.48E-02
 2062.00     1.58E-02
 2060.00     1.51E-02
 2058.00     1.53E-02
 2056.00     1.56E-02
 2054.00     1.57E-02
 2052.00     1.57E-02
 2050.00     1.50E-02
 2048.00     1.56E-02
 2046.00     1.59E-02
 2044.00     1.59E-02
 2042.00     1.58E-02
 2040.00     1.59E-02
 2038.00     1.60E-02
 2036.00     1.62E-02
 2034.00     1.67E-02
 2032.00     1.67E-02
 2030.00     1.69E-02
 2028.00     1.72E-02
 2026.00     1.77E-02
 2024.00     1.74E-02
 2022.00     1.73E-02
 2020.00     1.70E-02
 2018.00     1.77E-02
 2016.00     1.78E-02
 2014.00     1.78E-02
 2012.00     1.67E-02
 2010.00     1.76E-02
 2008.00     1.73E-02
 2006.00     1.82E-02
 2004.00     1.71E-02
 2002.00     1.86E-02
 2000.00     1.86E-02
 1998.00     1.87E-02
 1996.00     1.88E-02
 1994.00     1.85E-02
 1992.00     1.94E-02
 1990.00     1.94E-02
 1988.00     1.92E-02
 1986.00     1.99E-02
 1984.00     1.95E-02
 1982.00     1.90E-02
 1980.00     1.94E-02
 1978.00     1.95E-02
 1976.00     1.98E-02
 1974.00     1.96E-02
 1972.00     2.04E-02
 1970.00     1.97E-02
 1968.00     1.98E-02
 1966.00     2.12E-02
 1964.00     2.06E-02
 1962.00     2.06E-02
 1960.00     2.13E-02
 1958.00     2.15E-02
 1956.00     2.11E-02
 1954.00     2.10E-02
 1952.00     2.08E-02
 1950.00     2.17E-02
 1948.00     2.18E-02
 1946.00     2.07E-02
 1944.00     2.20E-02
 1942.00     2.14E-02
 1940.00     2.17E-02
 1938.00     2.25E-02
 1936.00     2.27E-02
 1934.00     2.30E-02
 1932.00     2.25E-02
 1930.00     2.28E-02
 1928.00     2.24E-02
 1926.00     2.26E-02
 1924.00     2.32E-02
 1922.00     2.30E-02
 1920.00     2.36E-02
 1918.00     2.30E-02
 1916.00     2.34E-02
 1914.00     2.31E-02
 1912.00     2.42E-02
 1910.00     2.37E-02
 1908.00     2.33E-02
 1906.00     2.47E-02
 1904.00     2.38E-02
 1902.00     2.41E-02
 1900.00     2.51E-02
 1898.00     2.53E-02
 1896.00     2.50E-02
 1894.00     2.47E-02
 1892.00     2.46E-02
 1890.00     2.65E-02
 1888.00     2.58E-02
 1886.00     2.63E-02
 1884.00     2.63E-02
 1882.00     2.63E-02
 1880.00     2.56E-02
 1878.00     2.66E-02
 1876.00     2.64E-02
 1874.00     2.77E-02
 1872.00     2.65E-02
 1870.00     2.64E-02
 1868.00     2.69E-02
 1866.00     2.74E-02
 1864.00     2.81E-02
 1862.00     2.73E-02
 1860.00     2.73E-02
 1858.00     2.87E-02
 1856.00     2.85E-02
 1854.00     2.93E-02
 1852.00     2.85E-02
 1850.00     2.94E-02
 1848.00     2.91E-02
 1846.00     2.89E-02
 1844.00     3.00E-02
 1842.00     2.93E-02
 1840.00     2.98E-02
 1838.00     3.05E-02
 1836.00     3.02E-02
 1834.00     3.08E-02
 1832.00     3.00E-02
 1830.00     3.05E-02
 1828.00     3.04E-02
 1826.00     3.18E-02
 1824.00     3.06E-02
 1822.00     3.09E-02
 1820.00     3.24E-02
 1818.00     3.23E-02
 1816.00     3.24E-02
 1814.00     3.25E-02
 1812.00     3.33E-02
 1810.00     3.39E-02
 1808.00     3.28E-02
 1806.00     3.38E-02
 1804.00     3.34E-02
 1802.00     3.44E-02
 1800.00     3.40E-02
 1798.00     3.40E-02
 1796.00     3.45E-02
 1794.00     3.58E-02
 1792.00     3.55E-02
 1790.00     3.56E-02
 1788.00     3.56E-02
 1786.00     3.54E-02
 1784.00     3.67E-02
 1782.00     3.67E-02
 1780.00     3.70E-02
 1778.00     3.77E-02
 1776.00     3.77E-02
 1774.00     3.73E-02
 1772.00     3.73E-02
 1770.00     3.92E-02
 1768.00     3.86E-02
 1766.00     3.92E-02
 1764.00     3.95E-02
 1762.00     3.94E-02
 1760.00     4.06E-02
 1758.00     4.07E-02
 1756.00     4.05E-02
 1754.00     4.14E-02
 1752.00     4.22E-02
 1750.00     4.23E-02
 1748.00     4.23E-02
 1746.00     4.32E-02
 1744.00     4.33E-02
 1742.00     4.31E-02
 1740.00     4.35E-02
 1738.00     4.34E-02
 1736.00     4.42E-02
 1734.00     4.40E-02
 1732.00     4.31E-02
 1730.00     4.59E-02
 1728.00     4.59E-02
 1726.00     4.54E-02
 1724.00     4.66E-02
 1722.00     4.69E-02
 1720.00     4.62E-02
 1718.00     4.84E-02
 1716.00     4.89E-02
 1714.00     4.86E-02
 1712.00     4.95E-02
 1710.00     4.92E-02
 1708.00     5.03E-02
 1706.00     5.04E-02
 1704.00     5.24E-02
 1702.00     5.18E-02
 1700.00     5.20E-02
 1698.00     5.29E-02
 1696.00     5.41E-02
 1694.00     5.27E-02
 1692.00     5.40E-02
 1690.00     5.51E-02
 1688.00     5.53E-02
 1686.00     5.50E-02
 1684.00     5.58E-02
 1682.00     5.65E-02
 1680.00     5.70E-02
 1678.00     5.77E-02
 1676.00     5.69E-02
 1674.00     5.66E-02
 1672.00     5.89E-02
 1670.00     5.93E-02
 1668.00     5.92E-02
 1666.00     6.19E-02
 1664.00     6.25E-02
 1662.00     6.27E-02
 1660.00     6.26E-02
 1658.00     6.40E-02
 1656.00     6.46E-02
 1654.00     6.46E-02
 1652.00     6.54E-02
 1650.00     6.48E-02
 1648.00     6.61E-02
 1646.00     6.79E-02
 1644.00     6.82E-02
 1642.00     6.83E-02
 1640.00     7.07E-02
 1638.00     7.09E-02
 1636.00     7.20E-02
 1634.00     7.24E-02
 1632.00     7.26E-02
 1630.00     7.29E-02
 1628.00     7.57E-02
 1626.00     7.47E-02
 1624.00     7.64E-02
 1622.00     7.69E-02
 1620.00     7.74E-02
 1618.00     7.84E-02
 1616.00     7.87E-02
 1614.00     8.01E-02
 1612.00     8.05E-02
 1610.00     8.23E-02
 1608.00     8.21E-02
 1606.00     8.45E-02
 1604.00     8.49E-02
 1602.00     8.33E-02
 1600.00     8.64E-02
 1598.00     8.68E-02
 1596.00     8.80E-02
 1594.00     8.89E-02
 1592.00     9.04E-02
 1590.00     9.09E-02
 1588.00     9.10E-02
 1586.00     9.21E-02
 1584.00     9.39E-02
 1582.00     9.60E-02
 1580.00     9.62E-02
 1578.00     9.66E-02
 1576.00     9.85E-02
 1574.00     9.94E-02
 1572.00     9.94E-02
 1570.00     1.03E-01
 1568.00     1.04E-01
 1566.00     1.05E-01
 1564.00     1.05E-01
 1562.00     1.07E-01
 1560.00     1.08E-01
 1558.00     1.08E-01
 1556.00     1.09E-01
 1554.00     1.12E-01
 1552.00     1.12E-01
 1550.00     1.16E-01
 1548.00     1.14E-01
 1546.00     1.17E-01
 1544.00     1.19E-01
 1542.00     1.20E-01
 1540.00     1.21E-01
 1538.00     1.24E-01
 1536.00     1.23E-01
 1534.00     1.27E-01
 1532.00     1.26E-01
 1530.00     1.29E-01
 1528.00     1.30E-01
 1526.00     1.28E-01
 1524.00     1.33E-01
 1522.00     1.34E-01
 1520.00     1.36E-01
 1518.00     1.37E-01
 1516.00     1.40E-01
 1514.00     1.39E-01
 1512.00     1.43E-01
 1510.00     1.42E-01
 1508.00     1.45E-01
 1506.00     1.47E-01
 1504.00     1.47E-01
 1502.00     1.52E-01
 1500.00     1.53E-01
 1498.00     1.54E-01
 1496.00     1.59E-01
 1494.00     1.58E-01
 1492.00     1.61E-01
 1490.00     1.61E-01
 1488.00     1.63E-01
 1486.00     1.68E-01
 1484.00     1.67E-01
 1482.00     1.69E-01
 1480.00     1.71E-01
 1478.00     1.74E-01
 1476.00     1.76E-01
 1474.00     1.78E-01
 1472.00     1.80E-01
 1470.00     1.82E-01
 1468.00     1.83E-01
 1466.00     1.85E-01
 1464.00     1.88E-01
 1462.00     1.89E-01
 1460.00     1.91E-01
 1458.00     1.94E-01
 1456.00     1.97E-01
 1454.00     2.02E-01
 1452.00     2.00E-01
 1450.00     2.06E-01
 1448.00     2.05E-01
 1446.00     2.08E-01
 1444.00     2.12E-01
 1442.00     2.15E-01
 1440.00     2.19E-01
 1438.00     2.21E-01
 1436.00     2.23E-01
 1434.00     2.26E-01
 1432.00     2.28E-01
 1430.00     2.30E-01
 1428.00     2.32E-01
 1426.00     2.36E-01
 1424.00     2.39E-01
 1422.00     2.42E-01
 1420.00     2.43E-01
 1418.00     2.47E-01
 1416.00     2.51E-01
 1414.00     2.52E-01
 1412.00     2.55E-01
 1410.00     2.56E-01
 1408.00     2.60E-01
 1406.00     2.63E-01
 1404.00     2.69E-01
 1402.00     2.71E-01
 1400.00     2.75E-01
 1398.00     2.75E-01
 1396.00     2.81E-01
 1394.00     2.83E-01
 1392.00     2.91E-01
 1390.00     2.92E-01
 1388.00     2.97E-01
 1386.00     3.01E-01
 1384.00     3.01E-01
 1382.00     3.08E-01
 1380.00     3.09E-01
 1378.00     3.13E-01
 1376.00     3.15E-01
 1374.00     3.20E-01
 1372.00     3.24E-01
 1370.00     3.26E-01
 1368.00     3.30E-01
 1366.00     3.36E-01
 1364.00     3.40E-01
 1362.00     3.42E-01
 1360.00     3.47E-01
 1358.00     3.50E-01
 1356.00     3.54E-01
 1354.00     3.60E-01
 1352.00     3.62E-01
 1350.00     3.69E-01
 1348.00     3.71E-01
 1346.00     3.80E-01
 1344.00     3.82E-01
 1342.00     3.89E-01
 1340.00     3.94E-01
 1338.00     3.97E-01
 1336.00     4.00E-01
 1334.00     4.07E-01
 1332.00     4.13E-01
 1330.00     4.18E-01
 1328.00     4.21E-01
 1326.00     4.24E-01
 1324.00     4.32E-01
 1322.00     4.35E-01
 1320.00     4.40E-01
 1318.00     4.46E-01
 1316.00     4.52E-01
 1314.00     4.54E-01
 1312.00     4.62E-01
 1310.00     4.69E-01
 1308.00     4.76E-01
 1306.00     4.78E-01
 1304.00     4.83E-01
 1302.00     4.94E-01
 1300.00     4.95E-01
 1298.00     5.02E-01
 1296.00     5.10E-01
 1294.00     5.19E-01
 1292.00     5.25E-01
 1290.00     5.32E-01
 1288.00     5.37E-01
 1286.00     5.42E-01
 1284.00     5.48E-01
 1282.00     5.57E-01
 1280.00     5.60E-01
 1278.00     5.72E-01
 1276.00     5.77E-01
 1274.00     5.83E-01
 1272.00     5.90E-01
 1270.00     5.92E-01
 1268.00     6.02E-01
 1266.00     6.12E-01
 1264.00     6.18E-01
 1262.00     6.27E-01
 1260.00     6.27E-01
 1258.00     6.38E-01
 1256.00     6.47E-01
 1254.00     6.53E-01
 1252.00     6.60E-01
 1250.00     6.71E-01
 1248.00     6.78E-01
 1246.00     6.90E-01
 1244.00     7.04E-01
 1242.00     7.13E-01
 1240.00     7.19E-01
 1238.00     7.27E-01
 1236.00     7.37E-01
 1234.00     7.37E-01
 1232.00     7.50E-01
 1230.00     7.57E-01
 1228.00     7.67E-01
 1226.00     7.84E-01
 1224.00     7.86E-01
 1222.00     7.95E-01
 1220.00     8.08E-01
 1218.00     8.11E-01
 1216.00     8.23E-01
 1214.00     8.34E-01
 1212.00     8.38E-01
 1210.00     8.55E-01
 1208.00     8.67E-01
 1206.00     8.73E-01
 1204.00     8.83E-01
 1202.00     8.94E-01
 1200.00     9.07E-01
 1198.00     9.20E-01
 1196.00     9.34E-01
 1194.00     9.41E-01
 1192.00     9.57E-01
 1190.00     9.65E-01
 1188.00     9.81E-01
 1186.00     9.91E-01
 1184.00     1.01E+00
 1182.00     1.02E+00
 1180.00     1.03E+00
 1178.00     1.04E+00
 1176.00     1.05E+00
 1174.00     1.07E+00
 1172.00     1.08E+00
 1170.00     1.09E+00
 1168.00     1.10E+00
 1166.00     1.11E+00
 1164.00     1.12E+00
 1162.00     1.14E+00
 1160.00     1.15E+00
 1158.00     1.17E+00
 1156.00     1.19E+00
 1154.00     1.20E+00
 1152.00     1.21E+00
 1150.00     1.23E+00
 1148.00     1.25E+00
 1146.00     1.27E+00
 1144.00     1.28E+00
 1142.00     1.30E+00
 1140.00     1.32E+00
 1138.00     1.33E+00
 1136.00     1.35E+00
 1134.00     1.37E+00
 1132.00     1.38E+00
 1130.00     1.40E+00
 1128.00     1.42E+00
 1126.00     1.43E+00
 1124.00     1.45E+00
 1122.00     1.46E+00
 1120.00     1.47E+00
 1118.00     1.49E+00
 1116.00     1.51E+00
 1114.00     1.53E+00
 1112.00     1.55E+00
 1110.00     1.57E+00
 1108.00     1.59E+00
 1106.00     1.61E+00
 1104.00     1.63E+00
 1102.00     1.65E+00
 1100.00     1.68E+00
 1098.00     1.70E+00
 1096.00     1.72E+00
 1094.00     1.75E+00
 1092.00     1.77E+00
 1090.00     1.78E+00
 1088.00     1.81E+00
 1086.00     1.84E+00
 1084.00     1.86E+00
 1082.00     1.88E+00
 1080.00     1.90E+00
 1078.00     1.92E+00
 1076.00     1.94E+00
 1074.00     1.97E+00
 1072.00     1.98E+00
 1070.00     2.01E+00
 1068.00     2.04E+00
 1066.00     2.06E+00
 1064.00     2.09E+00
 1062.00     2.12E+00
 1060.00     2.14E+00
 1058.00     2.16E+00
 1056.00     2.19E+00
 1054.00     2.23E+00
 1052.00     2.26E+00
 1050.00     2.29E+00
 1048.00     2.32E+00
 1046.00     2.35E+00
 1044.00     2.38E+00
 1042.00     2.41E+00
 1040.00     2.45E+00
 1038.00     2.47E+00
 1036.00     2.50E+00
 1034.00     2.53E+00
 1032.00     2.55E+00
 1030.00     2.59E+00
 1028.00     2.62E+00
 1026.00     2.65E+00
 1024.00     2.68E+00
 1022.00     2.72E+00
 1020.00     2.74E+00
 1018.00     2.78E+00
 1016.00     2.81E+00
 1014.00     2.85E+00
 1012.00     2.88E+00
 1010.00     2.92E+00
 1008.00     2.97E+00
 1006.00     3.01E+00
 1004.00     3.05E+00
 1002.00     3.09E+00
 1000.00     3.14E+00
  998.00     3.17E+00
  996.00     3.21E+00
  994.00     3.25E+00
  992.00     3.29E+00
  990.00     3.35E+00
  988.00     3.37E+00
  986.00     3.42E+00
  984.00     3.46E+00
  982.00     3.51E+00
  980.00     3.55E+00
  978.00     3.60E+00
  976.00     3.65E+00
  974.00     3.68E+00
  972.00     3.73E+00
  970.00     3.79E+00
  968.00     3.84E+00
  966.00     3.89E+00
  964.00     3.93E+00
  962.00     3.98E+00
  960.00     4.05E+00
  958.00     4.10E+00
  956.00     4.14E+00
  954.00     4.20E+00
  952.00     4.24E+00
  950.00     4.30E+00
  948.00     4.36E+00
  946.00     4.40E+00
  944.00     4.47E+00
  942.00     4.53E+00
  940.00     4.60E+00
  938.00     4.64E+00
  936.00     4.71E+00
  934.00     4.77E+00
  932.00     4.83E+00
  930.00     4.91E+00
  928.00     4.96E+00
  926.00     5.02E+00
  924.00     5.08E+00
  922.00     5.16E+00
  920.00     5.22E+00
  918.00     5.31E+00
  916.00     5.37E+00
  914.00     5.42E+00
  912.00     5.50E+00
  910.00     5.56E+00
  908.00     5.62E+00
  906.00     5.71E+00
  904.00     5.79E+00
  902.00     5.87E+00
  900.00     5.93E+00
  898.00     6.01E+00
  896.00     6.08E+00
  894.00     6.17E+00
  892.00     6.25E+00
  890.00     6.34E+00
  888.00     6.42E+00
  886.00     6.52E+00
  884.00     6.58E+00
  882.00     6.68E+00
  880.00     6.77E+00
  878.00     6.86E+00
  876.00     6.95E+00
  874.00     7.05E+00
  872.00     7.15E+00
  870.00     7.22E+00
  868.00     7.33E+00
  866.00     7.42E+00
  864.00     7.51E+00
  862.00     7.61E+00
  860.00     7.73E+00
  858.00     7.85E+00
  856.00     7.95E+00
  854.00     8.06E+00
  852.00     8.17E+00
  850.00     8.29E+00
  848.00     8.38E+00
  846.00     8.51E+00
  844.00     8.61E+00
  842.00     8.71E+00
  840.00     8.82E+00
  838.00     8.96E+00
  836.00     9.05E+00
  834.00     9.18E+00
  832.00     9.30E+00
  830.00     9.45E+00
  828.00     9.58E+00
  826.00     9.69E+00
  824.00     9.81E+00
  822.00     9.96E+00
  820.00     1.01E+01
  818.00     1.02E+01
  816.00     1.04E+01
  814.00     1.05E+01
  812.00     1.07E+01
  810.00     1.08E+01
  808.00     1.10E+01
  806.00     1.11E+01
  804.00     1.13E+01
  802.00     1.14E+01
  800.00     1.16E+01
  798.00     1.17E+01
  796.00     1.19E+01
  794.00     1.20E+01
  792.00     1.22E+01
  790.00     1.24E+01
  788.00     1.26E+01
  786.00     1.27E+01
  784.00     1.29E+01
  782.00     1.30E+01
  780.00     1.33E+01
  778.00     1.35E+01
  776.00     1.37E+01
  774.00     1.39E+01
  772.00     1.40E+01
  770.00     1.42E+01
  768.00     1.44E+01
  766.00     1.46E+01
  764.00     1.48E+01
  762.00     1.50E+01
  760.00     1.53E+01
  758.00     1.55E+01
  756.00     1.57E+01
  754.00     1.59E+01
  752.00     1.61E+01
  750.00     1.64E+01
  748.00     1.66E+01
  746.00     1.68E+01
  744.00     1.71E+01
  742.00     1.73E+01
  740.00     1.75E+01
  738.00     1.78E+01
  736.00     1.80E+01
  734.00     1.83E+01
  732.00     1.86E+01
  730.00     1.88E+01
  728.00     1.91E+01
  726.00     1.94E+01
  724.00     1.97E+01
  722.00     2.00E+01
  720.00     2.03E+01
  718.00     2.06E+01
  716.00     2.09E+01
  714.00     2.11E+01
  712.00     2.14E+01
  710.00     2.18E+01
  708.00     2.21E+01
  706.00     2.24E+01
  704.00     2.27E+01
  702.00     2.30E+01
  700.00     2.34E+01
  698.00     2.37E+01
  696.00     2.41E+01
  694.00     2.44E+01
  692.00     2.48E+01
  690.00     2.52E+01
  688.00     2.55E+01
  686.00     2.59E+01
  684.00     2.63E+01
  682.00     2.66E+01
  680.00     2.71E+01
  678.00     2.75E+01
  676.00     2.79E+01
  674.00     2.83E+01
  672.00     2.87E+01
  670.00     2.92E+01
  668.00     2.97E+01
  666.00     3.01E+01
  664.00     3.05E+01
  662.00     3.10E+01
  660.00     3.15E+01
  658.00     3.19E+01
  656.00     3.24E+01
  654.00     3.29E+01
  652.00     3.34E+01
  650.00     3.39E+01
  648.00     3.45E+01
  646.00     3.50E+01
  644.00     3.55E+01
  642.00     3.60E+01
  640.00     3.66E+01
  638.00     3.72E+01
  636.00     3.77E+01
  634.00     3.83E+01
  632.00     3.89E+01
  630.00     3.96E+01
  628.00     4.02E+01
  626.00     4.09E+01
  624.00     4.15E+01
  622.00     4.21E+01
  620.00     4.28E+01
  618.00     4.36E+01
  616.00     4.42E+01
  614.00     4.50E+01
  612.00     4.57E+01
  610.00     4.64E+01
  608.00     4.71E+01
  606.00     4.77E+01
  604.00     4.84E+01
  602.00     4.92E+01
  600.00     5.00E+01
  598.00     5.08E+01
  596.00     5.16E+01
  594.00     5.23E+01
  592.00     5.32E+01
  590.00     5.42E+01
  588.00     5.52E+01
  586.00     5.62E+01
  584.00     5.70E+01
  582.00     5.79E+01
  580.00     5.90E+01
  578.00     5.99E+01
  576.00     6.08E+01
  574.00     6.17E+01
  572.00     6.28E+01
  570.00     6.39E+01
  568.00     6.50E+01
  566.00     6.61E+01
  564.00     6.71E+01
  562.00     6.82E+01
  560.00     6.94E+01
  558.00     7.07E+01
  556.00     7.20E+01
  554.00     7.32E+01
  552.00     7.44E+01
  550.00     7.59E+01
  548.00     7.73E+01
  546.00     7.85E+01
  544.00     7.97E+01
  542.00     8.12E+01
  540.00     8.27E+01
  538.00     8.44E+01
  536.00     8.59E+01
  534.00     8.73E+01
  532.00     8.88E+01
  530.00     9.05E+01
  528.00     9.22E+01
  526.00     9.39E+01
  524.00     9.55E+01
  522.00     9.72E+01
  520.00     9.90E+01
  518.00     1.01E+02
  516.00     1.03E+02
  514.00     1.04E+02
  512.00     1.06E+02
  510.00     1.09E+02
  508.00     1.11E+02
  506.00     1.13E+02
  504.00     1.15E+02
  502.00     1.17E+02
  500.00     1.19E+02
  498.00     1.21E+02
  496.00     1.24E+02
  494.00     1.26E+02
  492.00     1.28E+02
  490.00     1.31E+02
  488.00     1.34E+02
  486.00     1.36E+02
  484.00     1.39E+02
  482.00     1.41E+02
  480.00     1.44E+02
  478.00     1.47E+02
  476.00     1.50E+02
  474.00     1.53E+02
  472.00     1.56E+02
  470.00     1.60E+02
  468.00     1.63E+02
  466.00     1.66E+02
  464.00     1.69E+02
  462.00     1.73E+02
  460.00     1.77E+02
  458.00     1.80E+02
  456.00     1.84E+02
  454.00     1.87E+02
  452.00     1.91E+02
  450.00     1.96E+02
  448.00     2.00E+02
  446.00     2.04E+02
  444.00     2.08E+02
  442.00     2.13E+02
  440.00     2.17E+02
  438.00     2.22E+02
  436.00     2.27E+02
  434.00     2.31E+02
  432.00     2.37E+02
  430.00     2.43E+02
  428.00     2.49E+02
  426.00     2.54E+02
  424.00     2.58E+02
  422.00     2.63E+02
  420.00     2.70E+02
  418.00     2.77E+02
  416.00     2.83E+02
  414.00     2.89E+02
  412.00     2.95E+02
  410.00     3.02E+02
  408.00     3.10E+02
  406.00     3.17E+02
  404.00     3.23E+02
  402.00     3.31E+02
  400.00     3.39E+02
  398.00     3.48E+02
  396.00     3.56E+02
  394.00     3.63E+02
  392.00     3.71E+02
  390.00     3.81E+02
  388.00     3.90E+02
  386.00     3.98E+02
  384.00     4.05E+02
  382.00     4.15E+02
  380.00     4.26E+02
  378.00     4.37E+02
  376.00     4.44E+02
  374.00     4.50E+02
  372.00     4.58E+02
  370.00     4.69E+02
  368.00     4.80E+02
  366.00     4.84E+02
  364.00     4.87E+02
  362.00     4.89E+02
  360.00     4.91E+02
  358.00     4.85E+02
  356.00     4.67E+02
  354.00     4.41E+02
  352.00     4.08E+02
  350.00     3.67E+02
  348.00     3.17E+02
  346.00     2.58E+02
  344.00     1.96E+02
  342.00     1.39E+02
  340.00     9.04E+01
  338.00     5.36E+01
  336.00     2.88E+01
  334.00     1.39E+01
  332.00     5.74E+00
  330.00     1.65E+00
  328.00     1.73E-01
  326.00     3.35E-04
  324.00     0.00E+00
  322.00     0.00E+00
  320.00     0.00E+00
  318.00     0.00E+00
  316.00     0.00E+00
  314.00     0.00E+00
  312.00     0.00E+00
  310.00     0.00E+00
  308.00     0.00E+00
  306.00     0.00E+00
  304.00     0.00E+00
  302.00     0.00E+00
  300.00     0.00E+00
  298.00     0.00E+00
  296.00     0.00E+00
  294.00     0.00E+00
  292.00     0.00E+00
  290.00     0.00E+00
  288.00     0.00E+00
  286.00     0.00E+00
  284.00     0.00E+00
  282.00     0.00E+00
  280.00     0.00E+00
  278.00     0.00E+00
  276.00     0.00E+00
  274.00     0.00E+00
  272.00     0.00E+00
  270.00     0.00E+00
  268.00     0.00E+00
  266.00     0.00E+00
  264.00     0.00E+00
  262.00     0.00E+00
  260.00     0.00E+00
  258.00     0.00E+00
  256.00     0.00E+00
  254.00     0.00E+00
  252.00     0.00E+00
  250.00     0.00E+00
  248.00     0.00E+00
  246.00     0.00E+00
  244.00     0.00E+00
  242.00     0.00E+00
  240.00     0.00E+00
  238.00     0.00E+00
  236.00     0.00E+00
  234.00     0.00E+00
  232.00     0.00E+00
  230.00     0.00E+00
  228.00     0.00E+00
  226.00     0.00E+00
  224.00     0.00E+00
  222.00     0.00E+00
  220.00     0.00E+00
  218.00     0.00E+00
  216.00     0.00E+00
  214.00     0.00E+00
  212.00     0.00E+00
  210.00     0.00E+00
  208.00     0.00E+00
  206.00     0.00E+00
  204.00     0.00E+00
  202.00     0.00E+00
  200.00     0.00E+00
  198.00     0.00E+00
  196.00     0.00E+00
  194.00     0.00E+00
  192.00     0.00E+00
  190.00     0.00E+00
  188.00     0.00E+00
  186.00     0.00E+00
  184.00     0.00E+00
  182.00     0.00E+00
  180.00     0.00E+00
  178.00     0.00E+00
  176.00     0.00E+00
  174.00     0.00E+00
  172.00     0.00E+00
  170.00     0.00E+00
  168.00     0.00E+00
  166.00     0.00E+00
  164.00     0.00E+00
  162.00     0.00E+00
  160.00     0.00E+00
  158.00     0.00E+00
  156.00     0.00E+00
  154.00     0.00E+00
  152.00     0.00E+00
  150.00     0.00E+00
  148.00     0.00E+00
  146.00     0.00E+00
  144.00     0.00E+00
  142.00     0.00E+00
  140.00     0.00E+00
  138.00     0.00E+00
  136.00     0.00E+00
  134.00     0.00E+00
  132.00     0.00E+00
  130.00     0.00E+00
  128.00     0.00E+00
  126.00     0.00E+00
  124.00     0.00E+00
  122.00     0.00E+00
  120.00     0.00E+00
  118.00     0.00E+00
  116.00     0.00E+00
  114.00     0.00E+00
  112.00     0.00E+00
  110.00     0.00E+00
  108.00     0.00E+00
  106.00     0.00E+00
  104.00     0.00E+00
  102.00     0.00E+00
  100.00     0.00E+00
   98.00     0.00E+00
   96.00     0.00E+00
   94.00     0.00E+00
   92.00     0.00E+00
   90.00     0.00E+00
   88.00     0.00E+00
   86.00     0.00E+00
   84.00     0.00E+00
   82.00     0.00E+00
   80.00     0.00E+00
   78.00     0.00E+00
   76.00     0.00E+00
   74.00     0.00E+00
   72.00     0.00E+00
   70.00     0.00E+00
   68.00     0.00E+00
   66.00     0.00E+00
   64.00     0.00E+00
   62.00     0.00E+00
   60.00     0.00E+00
   58.00     0.00E+00
   56.00     0.00E+00
   54.00     0.00E+00
   52.00     0.00E+00
   50.00     0.00E+00
   48.00     0.00E+00
   46.00     0.00E+00
   44.00     0.00E+00
   42.00     0.00E+00
   40.00     0.00E+00
   38.00     0.00E+00
   36.00     0.00E+00
   34.00     0.00E+00
   32.00     0.00E+00
   30.00     0.00E+00
   28.00     0.00E+00
   26.00     0.00E+00
   24.00     0.00E+00
   22.00     0.00E+00
   20.00     0.00E+00
   18.00     0.00E+00
   16.00     0.00E+00
   14.00     0.00E+00
   12.00     0.00E+00
   10.00     0.00E+00
    8.00     0.00E+00
    6.00     0.00E+00
    4.00     0.00E+00
    2.00     0.00E+00
    0.00     0.00E+00
   -2.00     0.00E+00
   -4.00     0.00E+00
   -6.00     0.00E+00
   -8.00     0.00E+00
  -10.00     0.00E+00
  -12.00     0.00E+00
  -14.00     0.00E+00
  -16.00     0.00E+00
  -18.00     0.00E+00
  -20.00     0.00E+00
  -22.00     0.00E+00
  -24.00     0.00E+00
  -26.00     0.00E+00
  -28.00     0.00E+00
  -30.00     0.00E+00
  -32.00     0.00E+00
  -34.00     0.00E+00
  -36.00     0.00E+00
  -38.00     0.00E+00
  -40.00     0.00E+00
  -42.00     0.00E+00
  -44.00     0.00E+00
  -46.00     0.00E+00
  -48.00     0.00E+00
  -50.00     0.00E+00
  -52.00     0.00E+00
  -54.00     0.00E+00
  -56.00     0.00E+00
  -58.00     0.00E+00
  -60.00     0.00E+00
  -62.00     0.00E+00
  -64.00     0.00E+00
  -66.00     0.00E+00
  -68.00     0.00E+00
  -70.00     0.00E+00
  -72.00     0.00E+00
  -74.00     0.00E+00
  -76.00     0.00E+00
  -78.00     0.00E+00
  -80.00     0.00E+00
  -82.00     0.00E+00
  -84.00     0.00E+00
  -86.00     0.00E+00
  -88.00     0.00E+00
