                                SS           DS         SPEX         DPEX          Sum
 NEG         28888103            0            0            0            0     28888103
 SI         205440645     45724932     10717223     31729231     13155369    306767400
 DI          19953434     13543412      6488261     11287119      7300438     58572664
 TI          11725077      8517875      4249332      9008851      5467090     38968225
 SC          52120719     10463409      2161630     12943432      5051382     82740572
 DC           1589481      1232270       502763      1489166       647466      5461146
 DCAI         3213633      1086693       371625      1227656       495314      6394921
 TEX         78886069     26703849      5819841     17288857      7453780    136152396
 --------------------------------------------------------------------------------------
 Sum        401817161    107272440     30310675     84974312     39570839
 
                                SS           DS         SPEX         DPEX          Sum
 NEG             4.35         0.00         0.00         0.00         0.00         4.35
 SI             30.94         6.89         1.61         4.78         1.98        46.20
 DI              3.01         2.04         0.98         1.70         1.10         8.82
 TI              1.77         1.28         0.64         1.36         0.82         5.87
 SC              7.85         1.58         0.33         1.95         0.76        12.46
 DC              0.24         0.19         0.08         0.22         0.10         0.82
 DCAI            0.48         0.16         0.06         0.18         0.07         0.96
 TEX            11.88         4.02         0.88         2.60         1.12        20.51
 --------------------------------------------------------------------------------------
 Sum            60.52        16.16         4.57        12.80         5.96
