 E              SP        Sig       dE     dN        SP1           Ions
 Various data to calculate stopping power for input of 1 ion/cm^2/s.
 Conversion from [eV*cm^2] to [(MeV/mg)*cm^2] is 3.345e-15.
 Ion Energy     dE/dN     Sigma       dE     dN        Sigma*dE      Counts
 [keV/u]        [eV*cm^2] [cm^2]      [eV]   [cm^-2]   [eV*cm^2]    per bin
     1.50       5.29E-18  2.93E-16    38.47  5.10E+15  1.13E-14     6489442
     2.50       6.86E-18  3.68E-16    38.39  3.61E+15  1.41E-14     6504023
     3.50       7.97E-18  4.63E-16    38.30  2.75E+15  1.77E-14     6510855
     4.50       1.32E-17  5.66E-16    38.38  2.27E+15  2.17E-14     6504217
     5.50       1.37E-17  6.70E-16    38.67  1.98E+15  2.59E-14     6487402
     6.50       2.34E-17  7.69E-16    39.04  1.80E+15  3.00E-14     6410468
     7.50       1.94E-17  8.57E-16    39.77  1.69E+15  3.41E-14     6351261
     8.50       2.85E-17  9.29E-16    39.80  1.62E+15  3.70E-14     6352740
     9.50       2.48E-17  9.86E-16    39.05  1.58E+15  3.85E-14     6451696
    10.50       2.72E-17  1.02E-15    39.17  1.56E+15  3.99E-14     6400548
    11.50       2.19E-17  1.03E-15    40.56  1.57E+15  4.19E-14     6181605
    12.50       2.45E-17  1.04E-15    41.98  1.57E+15  4.36E-14     5972937
    13.50       2.46E-17  1.04E-15    43.43  1.57E+15  4.52E-14     5772084
    14.50       3.05E-17  1.04E-15    44.89  1.56E+15  4.66E-14     5585056
    15.50       2.50E-17  1.03E-15    46.40  1.56E+15  4.79E-14     5404864
    16.50       2.56E-17  1.03E-15    47.84  1.55E+15  4.91E-14     5241314
    17.50       3.13E-17  1.02E-15    49.32  1.54E+15  5.02E-14     5084413
    18.50       2.89E-17  1.01E-15    50.81  1.53E+15  5.14E-14     4935892
    19.50       2.84E-17  1.00E-15    52.29  1.53E+15  5.25E-14     4795474
    20.50       3.49E-17  9.97E-16    53.73  1.52E+15  5.36E-14     4667397
    21.50       3.53E-17  9.90E-16    55.20  1.51E+15  5.46E-14     4543184
    22.50       3.14E-17  9.84E-16    56.63  1.50E+15  5.57E-14     4428289
    23.50       3.88E-17  9.79E-16    58.11  1.49E+15  5.69E-14     4315698
    24.50       4.27E-17  9.74E-16    59.49  1.47E+15  5.80E-14     4215469
    25.50       4.90E-17  9.70E-16    60.91  1.46E+15  5.91E-14     4117729
    26.50       3.86E-17  9.66E-16    62.30  1.45E+15  6.02E-14     4025602
    27.50       3.69E-17  9.63E-16    63.69  1.44E+15  6.13E-14     3938265
    28.50       5.45E-17  9.61E-16    65.01  1.43E+15  6.25E-14     3858242
    29.50       4.34E-17  9.60E-16    66.32  1.42E+15  6.37E-14     3781762
    30.50       4.44E-17  9.59E-16    67.61  1.41E+15  6.48E-14     3709467
    31.50       8.93E-17  9.59E-16    68.87  1.40E+15  6.60E-14     3641696
    32.50       5.22E-17  9.58E-16    70.12  1.39E+15  6.72E-14     3577471
    33.50       5.94E-17  9.60E-16    71.31  1.38E+15  6.84E-14     3516999
    34.50       6.08E-17  9.63E-16    72.53  1.36E+15  6.98E-14     3458416
    35.50       8.62E-17  9.65E-16    73.63  1.35E+15  7.10E-14     3406477
    36.50       7.43E-17  9.67E-16    74.82  1.34E+15  7.23E-14     3352494
    37.50       1.14E-16  9.70E-16    75.84  1.33E+15  7.36E-14     3307285
    38.50       6.68E-17  9.74E-16    76.91  1.32E+15  7.49E-14     3261256
    39.50       7.01E-17  9.79E-16    77.93  1.31E+15  7.63E-14     3218823
    40.50       7.34E-17  9.84E-16    78.91  1.30E+15  7.76E-14     3178972
    41.50       7.60E-17  9.89E-16    79.92  1.28E+15  7.91E-14     3138710
    42.50       1.63E-16  9.95E-16    80.80  1.27E+15  8.04E-14     3104603
    43.50       7.89E-17  1.00E-15    81.70  1.26E+15  8.20E-14     3070270
    44.50       7.63E-17  1.01E-15    82.55  1.25E+15  8.33E-14     3038826
    45.50       8.69E-17  1.02E-15    83.36  1.24E+15  8.48E-14     3008907
    46.50       9.19E-17  1.02E-15    84.15  1.23E+15  8.61E-14     2981206
    47.50       7.60E-17  1.03E-15    84.94  1.22E+15  8.77E-14     2953353
    48.50       8.22E-17  1.04E-15    85.69  1.21E+15  8.91E-14     2927394
    49.50       7.28E-17  1.05E-15    86.42  1.20E+15  9.06E-14     2902793
    50.50       7.58E-17  1.06E-15    87.12  1.19E+15  9.20E-14     2879377
    51.50       8.46E-17  1.06E-15    87.82  1.18E+15  9.34E-14     2856438
    52.50       8.54E-17  1.07E-15    88.49  1.17E+15  9.47E-14     2834722
    53.50       8.42E-17  1.08E-15    89.20  1.16E+15  9.61E-14     2812406
    54.50       2.40E-16  1.08E-15    89.92  1.15E+15  9.75E-14     2790289
    55.50       1.41E-16  1.09E-15    90.44  1.14E+15  9.88E-14     2773871
    56.50       8.85E-17  1.10E-15    91.09  1.13E+15  1.00E-13     2754089
    57.50       8.81E-17  1.11E-15    91.70  1.12E+15  1.02E-13     2735673
    58.50       1.31E-16  1.11E-15    92.20  1.12E+15  1.03E-13     2720934
    59.50       9.54E-17  1.12E-15    92.85  1.11E+15  1.04E-13     2701742
    60.50       1.19E-16  1.13E-15    93.37  1.10E+15  1.05E-13     2686876
    61.50       1.13E-16  1.14E-15    93.85  1.09E+15  1.07E-13     2673201
    62.50       1.16E-16  1.14E-15    94.35  1.09E+15  1.08E-13     2658942
    63.50       1.25E-16  1.15E-15    94.81  1.07E+15  1.09E-13     2646163
    64.50       1.25E-16  1.16E-15    95.10  1.07E+15  1.10E-13     2638056
    65.50       2.04E-16  1.17E-15    95.70  1.06E+15  1.12E-13     2621004
    66.50       1.43E-16  1.18E-15    96.07  1.05E+15  1.13E-13     2611603
    67.50       1.63E-16  1.19E-15    96.51  1.04E+15  1.15E-13     2599414
    68.50       1.09E-16  1.20E-15    96.97  1.03E+15  1.16E-13     2587472
    69.50       1.20E-16  1.21E-15    97.19  1.03E+15  1.17E-13     2580817
    70.50       1.18E-16  1.22E-15    97.53  1.02E+15  1.19E-13     2572689
    71.50       1.51E-16  1.23E-15    97.83  1.01E+15  1.20E-13     2564597
    72.50       1.65E-16  1.24E-15    98.12  1.00E+15  1.21E-13     2556750
    73.50       1.54E-16  1.25E-15    98.31  9.91E+14  1.23E-13     2551733
    74.50       2.13E-16  1.26E-15    98.57  9.84E+14  1.24E-13     2545354
    75.50       1.20E-16  1.27E-15    98.72  9.74E+14  1.25E-13     2541460
    76.50       1.99E-16  1.28E-15    98.69  9.64E+14  1.27E-13     2542088
    77.50       1.22E-16  1.30E-15    98.71  9.53E+14  1.28E-13     2541454
    78.50       1.36E-16  1.31E-15    98.78  9.44E+14  1.30E-13     2540031
    79.50       1.76E-16  1.33E-15    98.61  9.34E+14  1.31E-13     2544398
    80.50       1.25E-16  1.34E-15    98.72  9.25E+14  1.32E-13     2541523
    81.50       1.50E-16  1.35E-15    98.53  9.13E+14  1.33E-13     2546285
    82.50       1.20E-16  1.37E-15    98.51  9.03E+14  1.35E-13     2547026
    83.50       1.93E-16  1.39E-15    98.37  8.93E+14  1.36E-13     2550618
    84.50       1.80E-16  1.40E-15    98.31  8.84E+14  1.38E-13     2551973
    85.50       1.53E-16  1.42E-15    98.19  8.73E+14  1.39E-13     2555395
    86.50       1.35E-16  1.44E-15    97.84  8.61E+14  1.41E-13     2564259
    87.50       1.16E-16  1.46E-15    97.82  8.51E+14  1.42E-13     2564910
    88.50       2.42E-16  1.47E-15    97.58  8.41E+14  1.44E-13     2571014
    89.50       2.01E-16  1.49E-15    97.45  8.31E+14  1.45E-13     2574898
    90.50       1.41E-16  1.51E-15    97.22  8.20E+14  1.47E-13     2580818
    91.50       1.24E-16  1.52E-15    97.02  8.11E+14  1.48E-13     2586175
    92.50       1.35E-16  1.54E-15    96.77  8.02E+14  1.49E-13     2592710
    93.50       1.64E-16  1.56E-15    96.65  7.92E+14  1.51E-13     2596006
    94.50       2.23E-16  1.58E-15    96.33  7.79E+14  1.52E-13     2604984
    95.50       1.89E-16  1.60E-15    96.12  7.70E+14  1.54E-13     2610235
    96.50       2.00E-16  1.62E-15    95.83  7.59E+14  1.55E-13     2617801
    97.50       1.65E-16  1.64E-15    95.57  7.50E+14  1.56E-13     2625370
    98.50       1.56E-16  1.65E-15    95.46  7.44E+14  1.58E-13     2628509
    99.50       1.33E-16  1.67E-15    95.21  7.34E+14  1.59E-13     2635010
   100.50       2.45E-16  1.69E-15    94.76  7.23E+14  1.60E-13     2648031
   106.00       1.70E-17  1.78E-15    92.95  6.81E+14  1.66E-13    26992689
   116.00       1.80E-17  1.94E-15    89.75  6.14E+14  1.74E-13    27953352
   126.00       1.64E-17  2.09E-15    86.75  5.61E+14  1.81E-13    28921332
   136.00       2.17E-17  2.22E-15    84.03  5.19E+14  1.86E-13    29858848
   146.00       1.78E-17  2.34E-15    81.47  4.85E+14  1.91E-13    30797762
   156.00       1.85E-17  2.46E-15    79.14  4.57E+14  1.94E-13    31703448
   166.00       1.87E-17  2.57E-15    76.96  4.33E+14  1.98E-13    32602531
   176.00       1.73E-17  2.67E-15    74.95  4.13E+14  2.00E-13    33476313
   186.00       1.71E-17  2.77E-15    73.12  3.95E+14  2.03E-13    34315774
   196.00       1.83E-17  2.86E-15    71.40  3.80E+14  2.04E-13    35139728
   206.00       1.89E-17  2.95E-15    69.42  3.67E+14  2.05E-13    36145048
   216.00       1.71E-17  3.03E-15    67.39  3.55E+14  2.04E-13    37231085
   226.00       1.87E-17  3.09E-15    65.61  3.45E+14  2.03E-13    38241023
   236.00       1.55E-17  3.15E-15    64.09  3.37E+14  2.02E-13    39146097
   246.00       1.53E-17  3.20E-15    62.78  3.30E+14  2.01E-13    39969569
   256.00       1.43E-17  3.24E-15    61.53  3.24E+14  1.99E-13    40776163
   266.00       1.71E-17  3.27E-15    60.49  3.20E+14  1.98E-13    41476587
   276.00       1.70E-17  3.30E-15    59.56  3.16E+14  1.97E-13    42123281
   286.00       1.34E-17  3.32E-15    58.69  3.13E+14  1.95E-13    42752116
   296.00       1.26E-17  3.34E-15    57.94  3.11E+14  1.93E-13    43301869
   306.00       1.22E-17  3.35E-15    57.28  3.09E+14  1.92E-13    43799981
   316.00       1.48E-17  3.36E-15    56.67  3.07E+14  1.90E-13    44277284
   326.00       1.48E-17  3.36E-15    56.13  3.06E+14  1.89E-13    44697863
   336.00       1.31E-17  3.36E-15    55.58  3.06E+14  1.87E-13    45142794
   346.00       1.20E-17  3.37E-15    55.14  3.05E+14  1.86E-13    45503603
   356.00       1.16E-17  3.36E-15    54.73  3.05E+14  1.84E-13    45845523
   366.00       1.36E-17  3.36E-15    54.29  3.05E+14  1.83E-13    46214042
   376.00       1.18E-17  3.36E-15    53.93  3.05E+14  1.81E-13    46530150
   386.00       1.17E-17  3.35E-15    53.56  3.05E+14  1.80E-13    46846656
   396.00       1.26E-17  3.35E-15    53.19  3.06E+14  1.78E-13    47170192
   406.00       1.33E-17  3.35E-15    52.89  3.06E+14  1.77E-13    47439386
   416.00       1.26E-17  3.35E-15    52.55  3.06E+14  1.76E-13    47747521
   426.00       1.11E-17  3.34E-15    52.29  3.06E+14  1.75E-13    47986341
   436.00       1.16E-17  3.34E-15    51.95  3.06E+14  1.74E-13    48293348
   446.00       1.06E-17  3.34E-15    51.66  3.07E+14  1.73E-13    48569049
   456.00       1.26E-17  3.34E-15    51.40  3.07E+14  1.72E-13    48813444
   466.00       1.14E-17  3.34E-15    51.13  3.07E+14  1.71E-13    49076654
   476.00       9.97E-18  3.34E-15    50.83  3.07E+14  1.70E-13    49361203
   486.00       9.49E-18  3.34E-15    50.56  3.07E+14  1.69E-13    49626224
   496.00       1.10E-17  3.26E-15    51.49  3.22E+14  1.68E-13    43923902
   506.00            NaN       NaN      NaN       NaN       NaN           0
   516.00            NaN       NaN      NaN       NaN       NaN           0
   526.00            NaN       NaN      NaN       NaN       NaN           0
   536.00            NaN       NaN      NaN       NaN       NaN           0
   546.00            NaN       NaN      NaN       NaN       NaN           0
   556.00            NaN       NaN      NaN       NaN       NaN           0
   566.00            NaN       NaN      NaN       NaN       NaN           0
   576.00            NaN       NaN      NaN       NaN       NaN           0
   586.00            NaN       NaN      NaN       NaN       NaN           0
   596.00            NaN       NaN      NaN       NaN       NaN           0
   606.00            NaN       NaN      NaN       NaN       NaN           0
   616.00            NaN       NaN      NaN       NaN       NaN           0
   626.00            NaN       NaN      NaN       NaN       NaN           0
   636.00            NaN       NaN      NaN       NaN       NaN           0
   646.00            NaN       NaN      NaN       NaN       NaN           0
   656.00            NaN       NaN      NaN       NaN       NaN           0
   666.00            NaN       NaN      NaN       NaN       NaN           0
   676.00            NaN       NaN      NaN       NaN       NaN           0
   686.00            NaN       NaN      NaN       NaN       NaN           0
   696.00            NaN       NaN      NaN       NaN       NaN           0
   706.00            NaN       NaN      NaN       NaN       NaN           0
   716.00            NaN       NaN      NaN       NaN       NaN           0
   726.00            NaN       NaN      NaN       NaN       NaN           0
   736.00            NaN       NaN      NaN       NaN       NaN           0
   746.00            NaN       NaN      NaN       NaN       NaN           0
   756.00            NaN       NaN      NaN       NaN       NaN           0
   766.00            NaN       NaN      NaN       NaN       NaN           0
   776.00            NaN       NaN      NaN       NaN       NaN           0
   786.00            NaN       NaN      NaN       NaN       NaN           0
   796.00            NaN       NaN      NaN       NaN       NaN           0
   806.00            NaN       NaN      NaN       NaN       NaN           0
   816.00            NaN       NaN      NaN       NaN       NaN           0
   826.00            NaN       NaN      NaN       NaN       NaN           0
   836.00            NaN       NaN      NaN       NaN       NaN           0
   846.00            NaN       NaN      NaN       NaN       NaN           0
   856.00            NaN       NaN      NaN       NaN       NaN           0
   866.00            NaN       NaN      NaN       NaN       NaN           0
   876.00            NaN       NaN      NaN       NaN       NaN           0
   886.00            NaN       NaN      NaN       NaN       NaN           0
   896.00            NaN       NaN      NaN       NaN       NaN           0
   906.00            NaN       NaN      NaN       NaN       NaN           0
   916.00            NaN       NaN      NaN       NaN       NaN           0
   926.00            NaN       NaN      NaN       NaN       NaN           0
   936.00            NaN       NaN      NaN       NaN       NaN           0
   946.00            NaN       NaN      NaN       NaN       NaN           0
   956.00            NaN       NaN      NaN       NaN       NaN           0
   966.00            NaN       NaN      NaN       NaN       NaN           0
   976.00            NaN       NaN      NaN       NaN       NaN           0
   986.00            NaN       NaN      NaN       NaN       NaN           0
   996.00            NaN       NaN      NaN       NaN       NaN           0
  1051.00            NaN       NaN      NaN       NaN       NaN           0
  1151.00            NaN       NaN      NaN       NaN       NaN           0
  1251.00            NaN       NaN      NaN       NaN       NaN           0
  1351.00            NaN       NaN      NaN       NaN       NaN           0
  1451.00            NaN       NaN      NaN       NaN       NaN           0
  1551.00            NaN       NaN      NaN       NaN       NaN           0
  1651.00            NaN       NaN      NaN       NaN       NaN           0
  1751.00            NaN       NaN      NaN       NaN       NaN           0
  1851.00            NaN       NaN      NaN       NaN       NaN           0
  1951.00            NaN       NaN      NaN       NaN       NaN           0
  2051.00            NaN       NaN      NaN       NaN       NaN           0
  2151.00            NaN       NaN      NaN       NaN       NaN           0
  2251.00            NaN       NaN      NaN       NaN       NaN           0
  2351.00            NaN       NaN      NaN       NaN       NaN           0
  2451.00            NaN       NaN      NaN       NaN       NaN           0
  2551.00            NaN       NaN      NaN       NaN       NaN           0
  2651.00            NaN       NaN      NaN       NaN       NaN           0
  2751.00            NaN       NaN      NaN       NaN       NaN           0
  2851.00            NaN       NaN      NaN       NaN       NaN           0
  2951.00            NaN       NaN      NaN       NaN       NaN           0
  3051.00            NaN       NaN      NaN       NaN       NaN           0
  3151.00            NaN       NaN      NaN       NaN       NaN           0
  3251.00            NaN       NaN      NaN       NaN       NaN           0
  3351.00            NaN       NaN      NaN       NaN       NaN           0
  3451.00            NaN       NaN      NaN       NaN       NaN           0
  3551.00            NaN       NaN      NaN       NaN       NaN           0
  3651.00            NaN       NaN      NaN       NaN       NaN           0
  3751.00            NaN       NaN      NaN       NaN       NaN           0
  3851.00            NaN       NaN      NaN       NaN       NaN           0
  3951.00            NaN       NaN      NaN       NaN       NaN           0
  4051.00            NaN       NaN      NaN       NaN       NaN           0
  4151.00            NaN       NaN      NaN       NaN       NaN           0
  4251.00            NaN       NaN      NaN       NaN       NaN           0
  4351.00            NaN       NaN      NaN       NaN       NaN           0
  4451.00            NaN       NaN      NaN       NaN       NaN           0
  4551.00            NaN       NaN      NaN       NaN       NaN           0
  4651.00            NaN       NaN      NaN       NaN       NaN           0
  4751.00            NaN       NaN      NaN       NaN       NaN           0
  4851.00            NaN       NaN      NaN       NaN       NaN           0
  4951.00            NaN       NaN      NaN       NaN       NaN           0
  5051.00            NaN       NaN      NaN       NaN       NaN           0
  5151.00            NaN       NaN      NaN       NaN       NaN           0
  5251.00            NaN       NaN      NaN       NaN       NaN           0
  5351.00            NaN       NaN      NaN       NaN       NaN           0
  5451.00            NaN       NaN      NaN       NaN       NaN           0
  5551.00            NaN       NaN      NaN       NaN       NaN           0
  5651.00            NaN       NaN      NaN       NaN       NaN           0
  5751.00            NaN       NaN      NaN       NaN       NaN           0
  5851.00            NaN       NaN      NaN       NaN       NaN           0
  5951.00            NaN       NaN      NaN       NaN       NaN           0
  6051.00            NaN       NaN      NaN       NaN       NaN           0
  6151.00            NaN       NaN      NaN       NaN       NaN           0
  6251.00            NaN       NaN      NaN       NaN       NaN           0
  6351.00            NaN       NaN      NaN       NaN       NaN           0
  6451.00            NaN       NaN      NaN       NaN       NaN           0
  6551.00            NaN       NaN      NaN       NaN       NaN           0
  6651.00            NaN       NaN      NaN       NaN       NaN           0
  6751.00            NaN       NaN      NaN       NaN       NaN           0
  6851.00            NaN       NaN      NaN       NaN       NaN           0
  6951.00            NaN       NaN      NaN       NaN       NaN           0
  7051.00            NaN       NaN      NaN       NaN       NaN           0
  7151.00            NaN       NaN      NaN       NaN       NaN           0
  7251.00            NaN       NaN      NaN       NaN       NaN           0
  7351.00            NaN       NaN      NaN       NaN       NaN           0
  7451.00            NaN       NaN      NaN       NaN       NaN           0
  7551.00            NaN       NaN      NaN       NaN       NaN           0
  7651.00            NaN       NaN      NaN       NaN       NaN           0
  7751.00            NaN       NaN      NaN       NaN       NaN           0
  7851.00            NaN       NaN      NaN       NaN       NaN           0
  7951.00            NaN       NaN      NaN       NaN       NaN           0
  8051.00            NaN       NaN      NaN       NaN       NaN           0
  8151.00            NaN       NaN      NaN       NaN       NaN           0
  8251.00            NaN       NaN      NaN       NaN       NaN           0
  8351.00            NaN       NaN      NaN       NaN       NaN           0
  8451.00            NaN       NaN      NaN       NaN       NaN           0
  8551.00            NaN       NaN      NaN       NaN       NaN           0
  8651.00            NaN       NaN      NaN       NaN       NaN           0
  8751.00            NaN       NaN      NaN       NaN       NaN           0
  8851.00            NaN       NaN      NaN       NaN       NaN           0
  8951.00            NaN       NaN      NaN       NaN       NaN           0
  9051.00            NaN       NaN      NaN       NaN       NaN           0
  9151.00            NaN       NaN      NaN       NaN       NaN           0
  9251.00            NaN       NaN      NaN       NaN       NaN           0
  9351.00            NaN       NaN      NaN       NaN       NaN           0
  9451.00            NaN       NaN      NaN       NaN       NaN           0
  9551.00            NaN       NaN      NaN       NaN       NaN           0
  9651.00            NaN       NaN      NaN       NaN       NaN           0
  9751.00            NaN       NaN      NaN       NaN       NaN           0
  9851.00            NaN       NaN      NaN       NaN       NaN           0
  9951.00            NaN       NaN      NaN       NaN       NaN           0
 10501.00            NaN       NaN      NaN       NaN       NaN           0
 11501.00            NaN       NaN      NaN       NaN       NaN           0
 12501.00            NaN       NaN      NaN       NaN       NaN           0
 13501.00            NaN       NaN      NaN       NaN       NaN           0
 14501.00            NaN       NaN      NaN       NaN       NaN           0
 15501.00            NaN       NaN      NaN       NaN       NaN           0
 16501.00            NaN       NaN      NaN       NaN       NaN           0
 17501.00            NaN       NaN      NaN       NaN       NaN           0
 18501.00            NaN       NaN      NaN       NaN       NaN           0
 19501.00            NaN       NaN      NaN       NaN       NaN           0
 20501.00            NaN       NaN      NaN       NaN       NaN           0
 21501.00            NaN       NaN      NaN       NaN       NaN           0
 22501.00            NaN       NaN      NaN       NaN       NaN           0
 23501.00            NaN       NaN      NaN       NaN       NaN           0
 24501.00            NaN       NaN      NaN       NaN       NaN           0
