 E              SP        Sig       dE     dN        SP1           Ions
 Various data to calculate stopping power for input of 1 ion/cm^2/s.
 Conversion from [eV*cm^2] to [(MeV/mg)*cm^2] is 3.345e-15.
 Ion Energy     dE/dN     Sigma       dE     dN        Sigma*dE      Counts
 [keV/u]        [eV*cm^2] [cm^2]      [eV]   [cm^-2]   [eV*cm^2]    per bin
     1.50       5.28E-18  2.93E-16    38.47  5.10E+15  1.13E-14     6522308
     2.50       6.84E-18  3.68E-16    38.39  3.61E+15  1.41E-14     6536368
     3.50       7.97E-18  4.63E-16    38.30  2.75E+15  1.77E-14     6543652
     4.50       1.31E-17  5.66E-16    38.37  2.27E+15  2.17E-14     6537373
     5.50       1.37E-17  6.70E-16    38.67  1.98E+15  2.59E-14     6518957
     6.50       2.34E-17  7.69E-16    39.04  1.80E+15  3.00E-14     6442712
     7.50       1.95E-17  8.57E-16    39.77  1.69E+15  3.41E-14     6383068
     8.50       2.84E-17  9.29E-16    39.80  1.62E+15  3.70E-14     6385114
     9.50       2.48E-17  9.86E-16    39.05  1.58E+15  3.85E-14     6483776
    10.50       2.71E-17  1.02E-15    39.17  1.56E+15  3.99E-14     6432508
    11.50       2.19E-17  1.03E-15    40.56  1.57E+15  4.19E-14     6212480
    12.50       2.44E-17  1.04E-15    41.97  1.57E+15  4.36E-14     6002896
    13.50       2.46E-17  1.04E-15    43.43  1.57E+15  4.52E-14     5800925
    14.50       3.04E-17  1.04E-15    44.89  1.56E+15  4.66E-14     5612898
    15.50       2.51E-17  1.03E-15    46.40  1.56E+15  4.79E-14     5431859
    16.50       2.55E-17  1.03E-15    47.84  1.55E+15  4.91E-14     5267565
    17.50       3.12E-17  1.02E-15    49.31  1.54E+15  5.02E-14     5109884
    18.50       2.88E-17  1.01E-15    50.81  1.53E+15  5.14E-14     4960456
    19.50       2.84E-17  1.00E-15    52.29  1.53E+15  5.25E-14     4819112
    20.50       3.48E-17  9.98E-16    53.73  1.52E+15  5.36E-14     4690754
    21.50       3.52E-17  9.90E-16    55.20  1.51E+15  5.46E-14     4565872
    22.50       3.16E-17  9.84E-16    56.63  1.50E+15  5.57E-14     4450661
    23.50       3.87E-17  9.79E-16    58.11  1.49E+15  5.69E-14     4337157
    24.50       4.26E-17  9.75E-16    59.49  1.47E+15  5.80E-14     4236624
    25.50       4.88E-17  9.70E-16    60.91  1.46E+15  5.90E-14     4138297
    26.50       3.87E-17  9.66E-16    62.29  1.45E+15  6.02E-14     4045848
    27.50       3.69E-17  9.63E-16    63.69  1.44E+15  6.13E-14     3958054
    28.50       5.44E-17  9.61E-16    65.00  1.43E+15  6.25E-14     3877761
    29.50       4.34E-17  9.60E-16    66.33  1.42E+15  6.37E-14     3800534
    30.50       4.43E-17  9.59E-16    67.61  1.41E+15  6.48E-14     3728001
    31.50       8.90E-17  9.59E-16    68.87  1.40E+15  6.60E-14     3659811
    32.50       5.21E-17  9.58E-16    70.12  1.39E+15  6.72E-14     3595358
    33.50       5.93E-17  9.60E-16    71.31  1.38E+15  6.84E-14     3534574
    34.50       6.08E-17  9.63E-16    72.53  1.36E+15  6.98E-14     3475567
    35.50       8.59E-17  9.65E-16    73.63  1.35E+15  7.10E-14     3423548
    36.50       7.41E-17  9.67E-16    74.82  1.34E+15  7.23E-14     3369154
    37.50       1.14E-16  9.70E-16    75.84  1.33E+15  7.36E-14     3323937
    38.50       6.67E-17  9.74E-16    76.91  1.32E+15  7.49E-14     3277583
    39.50       7.00E-17  9.79E-16    77.92  1.31E+15  7.63E-14     3234979
    40.50       7.33E-17  9.84E-16    78.91  1.30E+15  7.76E-14     3194805
    41.50       7.58E-17  9.89E-16    79.92  1.28E+15  7.91E-14     3154454
    42.50       1.63E-16  9.95E-16    80.80  1.27E+15  8.04E-14     3120130
    43.50       7.87E-17  1.00E-15    81.70  1.26E+15  8.20E-14     3085762
    44.50       7.62E-17  1.01E-15    82.55  1.25E+15  8.33E-14     3054179
    45.50       8.69E-17  1.02E-15    83.36  1.24E+15  8.47E-14     3023972
    46.50       9.18E-17  1.02E-15    84.14  1.23E+15  8.61E-14     2996115
    47.50       7.59E-17  1.03E-15    84.94  1.22E+15  8.77E-14     2968166
    48.50       8.21E-17  1.04E-15    85.69  1.21E+15  8.91E-14     2941962
    49.50       7.29E-17  1.05E-15    86.42  1.20E+15  9.06E-14     2917304
    50.50       7.57E-17  1.06E-15    87.11  1.19E+15  9.20E-14     2893892
    51.50       8.45E-17  1.06E-15    87.82  1.18E+15  9.34E-14     2870707
    52.50       8.57E-17  1.07E-15    88.49  1.17E+15  9.47E-14     2848919
    53.50       8.42E-17  1.08E-15    89.20  1.16E+15  9.61E-14     2826494
    54.50       2.39E-16  1.08E-15    89.91  1.15E+15  9.75E-14     2804259
    55.50       1.40E-16  1.09E-15    90.44  1.14E+15  9.88E-14     2787561
    56.50       8.84E-17  1.10E-15    91.08  1.13E+15  1.00E-13     2767932
    57.50       8.80E-17  1.11E-15    91.70  1.12E+15  1.02E-13     2749270
    58.50       1.30E-16  1.11E-15    92.20  1.12E+15  1.03E-13     2734535
    59.50       9.53E-17  1.12E-15    92.85  1.11E+15  1.04E-13     2715257
    60.50       1.19E-16  1.13E-15    93.37  1.10E+15  1.05E-13     2700368
    61.50       1.13E-16  1.14E-15    93.85  1.09E+15  1.07E-13     2686593
    62.50       1.16E-16  1.14E-15    94.35  1.09E+15  1.08E-13     2672274
    63.50       1.25E-16  1.15E-15    94.81  1.07E+15  1.09E-13     2659334
    64.50       1.28E-16  1.16E-15    95.10  1.07E+15  1.10E-13     2651228
    65.50       2.03E-16  1.17E-15    95.71  1.06E+15  1.12E-13     2634009
    66.50       1.43E-16  1.18E-15    96.07  1.05E+15  1.13E-13     2624791
    67.50       1.62E-16  1.19E-15    96.51  1.04E+15  1.15E-13     2612227
    68.50       1.08E-16  1.20E-15    96.97  1.03E+15  1.16E-13     2600260
    69.50       1.20E-16  1.21E-15    97.19  1.03E+15  1.17E-13     2593833
    70.50       1.18E-16  1.22E-15    97.53  1.02E+15  1.19E-13     2585591
    71.50       1.51E-16  1.23E-15    97.83  1.01E+15  1.20E-13     2577377
    72.50       1.65E-16  1.24E-15    98.13  1.00E+15  1.21E-13     2569386
    73.50       1.54E-16  1.25E-15    98.32  9.91E+14  1.23E-13     2564366
    74.50       2.13E-16  1.26E-15    98.57  9.84E+14  1.24E-13     2558118
    75.50       1.20E-16  1.27E-15    98.72  9.74E+14  1.25E-13     2554134
    76.50       1.98E-16  1.28E-15    98.69  9.64E+14  1.27E-13     2554786
    77.50       1.22E-16  1.30E-15    98.71  9.53E+14  1.28E-13     2554120
    78.50       1.36E-16  1.31E-15    98.79  9.44E+14  1.30E-13     2552584
    79.50       1.76E-16  1.33E-15    98.61  9.34E+14  1.31E-13     2557037
    80.50       1.25E-16  1.34E-15    98.72  9.25E+14  1.32E-13     2554129
    81.50       1.50E-16  1.35E-15    98.54  9.13E+14  1.33E-13     2558912
    82.50       1.20E-16  1.37E-15    98.52  9.03E+14  1.35E-13     2559508
    83.50       1.92E-16  1.39E-15    98.37  8.93E+14  1.36E-13     2563367
    84.50       1.80E-16  1.40E-15    98.31  8.84E+14  1.38E-13     2564708
    85.50       1.54E-16  1.42E-15    98.19  8.73E+14  1.39E-13     2568097
    86.50       1.35E-16  1.44E-15    97.85  8.62E+14  1.41E-13     2576937
    87.50       1.16E-16  1.46E-15    97.82  8.51E+14  1.42E-13     2577802
    88.50       2.42E-16  1.47E-15    97.57  8.41E+14  1.44E-13     2584084
    89.50       2.00E-16  1.49E-15    97.45  8.31E+14  1.45E-13     2587858
    90.50       1.40E-16  1.51E-15    97.22  8.20E+14  1.46E-13     2593735
    91.50       1.24E-16  1.52E-15    97.02  8.11E+14  1.48E-13     2599079
    92.50       1.35E-16  1.54E-15    96.77  8.02E+14  1.49E-13     2605768
    93.50       1.64E-16  1.56E-15    96.65  7.92E+14  1.51E-13     2608856
    94.50       2.22E-16  1.58E-15    96.34  7.79E+14  1.52E-13     2617906
    95.50       1.88E-16  1.60E-15    96.12  7.70E+14  1.54E-13     2623490
    96.50       2.00E-16  1.62E-15    95.83  7.59E+14  1.55E-13     2630902
    97.50       1.65E-16  1.64E-15    95.57  7.50E+14  1.56E-13     2638630
    98.50       1.56E-16  1.65E-15    95.46  7.44E+14  1.58E-13     2641760
    99.50       1.33E-16  1.67E-15    95.22  7.34E+14  1.59E-13     2648133
   100.50       2.44E-16  1.69E-15    94.76  7.23E+14  1.60E-13     2661323
   106.00       1.69E-17  1.78E-15    92.95  6.81E+14  1.66E-13    27128092
   116.00       1.80E-17  1.94E-15    89.75  6.14E+14  1.74E-13    28093074
   126.00       1.63E-17  2.09E-15    86.75  5.61E+14  1.81E-13    29065510
   136.00       2.17E-17  2.22E-15    84.03  5.19E+14  1.86E-13    30008213
   146.00       1.78E-17  2.34E-15    81.47  4.85E+14  1.91E-13    30952019
   156.00       1.85E-17  2.46E-15    79.14  4.57E+14  1.94E-13    31862279
   166.00       1.87E-17  2.57E-15    76.96  4.33E+14  1.98E-13    32765232
   176.00       1.73E-17  2.67E-15    74.95  4.13E+14  2.00E-13    33643888
   186.00       1.71E-17  2.77E-15    73.12  3.95E+14  2.03E-13    34486049
   196.00       1.83E-17  2.86E-15    71.40  3.80E+14  2.04E-13    35315082
   206.00       1.89E-17  2.95E-15    69.42  3.67E+14  2.05E-13    36325709
   216.00       1.71E-17  3.03E-15    67.39  3.55E+14  2.04E-13    37415910
   226.00       1.86E-17  3.09E-15    65.62  3.45E+14  2.03E-13    38431089
   236.00       1.55E-17  3.15E-15    64.10  3.37E+14  2.02E-13    39340133
   246.00       1.53E-17  3.20E-15    62.77  3.30E+14  2.01E-13    40169890
   256.00       1.43E-17  3.24E-15    61.53  3.24E+14  1.99E-13    40980259
   266.00       1.71E-17  3.27E-15    60.49  3.20E+14  1.98E-13    41685055
   276.00       1.70E-17  3.30E-15    59.56  3.16E+14  1.97E-13    42334204
   286.00       1.34E-17  3.32E-15    58.69  3.13E+14  1.95E-13    42967101
   296.00       1.26E-17  3.34E-15    57.94  3.11E+14  1.93E-13    43519968
   306.00       1.22E-17  3.35E-15    57.29  3.09E+14  1.92E-13    44017842
   316.00       1.48E-17  3.36E-15    56.67  3.07E+14  1.90E-13    44499701
   326.00       1.47E-17  3.36E-15    56.13  3.06E+14  1.89E-13    44921323
   336.00       1.31E-17  3.36E-15    55.58  3.06E+14  1.87E-13    45368533
   346.00       1.20E-17  3.37E-15    55.14  3.05E+14  1.86E-13    45730355
   356.00       1.16E-17  3.36E-15    54.73  3.05E+14  1.84E-13    46076753
   366.00       1.36E-17  3.36E-15    54.29  3.05E+14  1.83E-13    46444056
   376.00       1.18E-17  3.36E-15    53.93  3.05E+14  1.81E-13    46762239
   386.00       1.17E-17  3.35E-15    53.56  3.05E+14  1.80E-13    47080898
   396.00       1.26E-17  3.35E-15    53.19  3.06E+14  1.78E-13    47407264
   406.00       1.32E-17  3.35E-15    52.89  3.06E+14  1.77E-13    47676196
   416.00       1.26E-17  3.35E-15    52.55  3.06E+14  1.76E-13    47985461
   426.00       1.11E-17  3.34E-15    52.29  3.06E+14  1.75E-13    48227441
   436.00       1.16E-17  3.34E-15    51.95  3.06E+14  1.74E-13    48534297
   446.00       1.06E-17  3.34E-15    51.66  3.07E+14  1.73E-13    48813857
   456.00       1.26E-17  3.34E-15    51.40  3.07E+14  1.72E-13    49058711
   466.00       1.14E-17  3.34E-15    51.12  3.07E+14  1.71E-13    49322821
   476.00       9.96E-18  3.34E-15    50.83  3.07E+14  1.70E-13    49606694
   486.00       9.49E-18  3.34E-15    50.56  3.07E+14  1.69E-13    49874416
   496.00       1.10E-17  3.26E-15    51.49  3.22E+14  1.68E-13    44144164
   506.00            NaN       NaN      NaN       NaN       NaN           0
   516.00            NaN       NaN      NaN       NaN       NaN           0
   526.00            NaN       NaN      NaN       NaN       NaN           0
   536.00            NaN       NaN      NaN       NaN       NaN           0
   546.00            NaN       NaN      NaN       NaN       NaN           0
   556.00            NaN       NaN      NaN       NaN       NaN           0
   566.00            NaN       NaN      NaN       NaN       NaN           0
   576.00            NaN       NaN      NaN       NaN       NaN           0
   586.00            NaN       NaN      NaN       NaN       NaN           0
   596.00            NaN       NaN      NaN       NaN       NaN           0
   606.00            NaN       NaN      NaN       NaN       NaN           0
   616.00            NaN       NaN      NaN       NaN       NaN           0
   626.00            NaN       NaN      NaN       NaN       NaN           0
   636.00            NaN       NaN      NaN       NaN       NaN           0
   646.00            NaN       NaN      NaN       NaN       NaN           0
   656.00            NaN       NaN      NaN       NaN       NaN           0
   666.00            NaN       NaN      NaN       NaN       NaN           0
   676.00            NaN       NaN      NaN       NaN       NaN           0
   686.00            NaN       NaN      NaN       NaN       NaN           0
   696.00            NaN       NaN      NaN       NaN       NaN           0
   706.00            NaN       NaN      NaN       NaN       NaN           0
   716.00            NaN       NaN      NaN       NaN       NaN           0
   726.00            NaN       NaN      NaN       NaN       NaN           0
   736.00            NaN       NaN      NaN       NaN       NaN           0
   746.00            NaN       NaN      NaN       NaN       NaN           0
   756.00            NaN       NaN      NaN       NaN       NaN           0
   766.00            NaN       NaN      NaN       NaN       NaN           0
   776.00            NaN       NaN      NaN       NaN       NaN           0
   786.00            NaN       NaN      NaN       NaN       NaN           0
   796.00            NaN       NaN      NaN       NaN       NaN           0
   806.00            NaN       NaN      NaN       NaN       NaN           0
   816.00            NaN       NaN      NaN       NaN       NaN           0
   826.00            NaN       NaN      NaN       NaN       NaN           0
   836.00            NaN       NaN      NaN       NaN       NaN           0
   846.00            NaN       NaN      NaN       NaN       NaN           0
   856.00            NaN       NaN      NaN       NaN       NaN           0
   866.00            NaN       NaN      NaN       NaN       NaN           0
   876.00            NaN       NaN      NaN       NaN       NaN           0
   886.00            NaN       NaN      NaN       NaN       NaN           0
   896.00            NaN       NaN      NaN       NaN       NaN           0
   906.00            NaN       NaN      NaN       NaN       NaN           0
   916.00            NaN       NaN      NaN       NaN       NaN           0
   926.00            NaN       NaN      NaN       NaN       NaN           0
   936.00            NaN       NaN      NaN       NaN       NaN           0
   946.00            NaN       NaN      NaN       NaN       NaN           0
   956.00            NaN       NaN      NaN       NaN       NaN           0
   966.00            NaN       NaN      NaN       NaN       NaN           0
   976.00            NaN       NaN      NaN       NaN       NaN           0
   986.00            NaN       NaN      NaN       NaN       NaN           0
   996.00            NaN       NaN      NaN       NaN       NaN           0
  1051.00            NaN       NaN      NaN       NaN       NaN           0
  1151.00            NaN       NaN      NaN       NaN       NaN           0
  1251.00            NaN       NaN      NaN       NaN       NaN           0
  1351.00            NaN       NaN      NaN       NaN       NaN           0
  1451.00            NaN       NaN      NaN       NaN       NaN           0
  1551.00            NaN       NaN      NaN       NaN       NaN           0
  1651.00            NaN       NaN      NaN       NaN       NaN           0
  1751.00            NaN       NaN      NaN       NaN       NaN           0
  1851.00            NaN       NaN      NaN       NaN       NaN           0
  1951.00            NaN       NaN      NaN       NaN       NaN           0
  2051.00            NaN       NaN      NaN       NaN       NaN           0
  2151.00            NaN       NaN      NaN       NaN       NaN           0
  2251.00            NaN       NaN      NaN       NaN       NaN           0
  2351.00            NaN       NaN      NaN       NaN       NaN           0
  2451.00            NaN       NaN      NaN       NaN       NaN           0
  2551.00            NaN       NaN      NaN       NaN       NaN           0
  2651.00            NaN       NaN      NaN       NaN       NaN           0
  2751.00            NaN       NaN      NaN       NaN       NaN           0
  2851.00            NaN       NaN      NaN       NaN       NaN           0
  2951.00            NaN       NaN      NaN       NaN       NaN           0
  3051.00            NaN       NaN      NaN       NaN       NaN           0
  3151.00            NaN       NaN      NaN       NaN       NaN           0
  3251.00            NaN       NaN      NaN       NaN       NaN           0
  3351.00            NaN       NaN      NaN       NaN       NaN           0
  3451.00            NaN       NaN      NaN       NaN       NaN           0
  3551.00            NaN       NaN      NaN       NaN       NaN           0
  3651.00            NaN       NaN      NaN       NaN       NaN           0
  3751.00            NaN       NaN      NaN       NaN       NaN           0
  3851.00            NaN       NaN      NaN       NaN       NaN           0
  3951.00            NaN       NaN      NaN       NaN       NaN           0
  4051.00            NaN       NaN      NaN       NaN       NaN           0
  4151.00            NaN       NaN      NaN       NaN       NaN           0
  4251.00            NaN       NaN      NaN       NaN       NaN           0
  4351.00            NaN       NaN      NaN       NaN       NaN           0
  4451.00            NaN       NaN      NaN       NaN       NaN           0
  4551.00            NaN       NaN      NaN       NaN       NaN           0
  4651.00            NaN       NaN      NaN       NaN       NaN           0
  4751.00            NaN       NaN      NaN       NaN       NaN           0
  4851.00            NaN       NaN      NaN       NaN       NaN           0
  4951.00            NaN       NaN      NaN       NaN       NaN           0
  5051.00            NaN       NaN      NaN       NaN       NaN           0
  5151.00            NaN       NaN      NaN       NaN       NaN           0
  5251.00            NaN       NaN      NaN       NaN       NaN           0
  5351.00            NaN       NaN      NaN       NaN       NaN           0
  5451.00            NaN       NaN      NaN       NaN       NaN           0
  5551.00            NaN       NaN      NaN       NaN       NaN           0
  5651.00            NaN       NaN      NaN       NaN       NaN           0
  5751.00            NaN       NaN      NaN       NaN       NaN           0
  5851.00            NaN       NaN      NaN       NaN       NaN           0
  5951.00            NaN       NaN      NaN       NaN       NaN           0
  6051.00            NaN       NaN      NaN       NaN       NaN           0
  6151.00            NaN       NaN      NaN       NaN       NaN           0
  6251.00            NaN       NaN      NaN       NaN       NaN           0
  6351.00            NaN       NaN      NaN       NaN       NaN           0
  6451.00            NaN       NaN      NaN       NaN       NaN           0
  6551.00            NaN       NaN      NaN       NaN       NaN           0
  6651.00            NaN       NaN      NaN       NaN       NaN           0
  6751.00            NaN       NaN      NaN       NaN       NaN           0
  6851.00            NaN       NaN      NaN       NaN       NaN           0
  6951.00            NaN       NaN      NaN       NaN       NaN           0
  7051.00            NaN       NaN      NaN       NaN       NaN           0
  7151.00            NaN       NaN      NaN       NaN       NaN           0
  7251.00            NaN       NaN      NaN       NaN       NaN           0
  7351.00            NaN       NaN      NaN       NaN       NaN           0
  7451.00            NaN       NaN      NaN       NaN       NaN           0
  7551.00            NaN       NaN      NaN       NaN       NaN           0
  7651.00            NaN       NaN      NaN       NaN       NaN           0
  7751.00            NaN       NaN      NaN       NaN       NaN           0
  7851.00            NaN       NaN      NaN       NaN       NaN           0
  7951.00            NaN       NaN      NaN       NaN       NaN           0
  8051.00            NaN       NaN      NaN       NaN       NaN           0
  8151.00            NaN       NaN      NaN       NaN       NaN           0
  8251.00            NaN       NaN      NaN       NaN       NaN           0
  8351.00            NaN       NaN      NaN       NaN       NaN           0
  8451.00            NaN       NaN      NaN       NaN       NaN           0
  8551.00            NaN       NaN      NaN       NaN       NaN           0
  8651.00            NaN       NaN      NaN       NaN       NaN           0
  8751.00            NaN       NaN      NaN       NaN       NaN           0
  8851.00            NaN       NaN      NaN       NaN       NaN           0
  8951.00            NaN       NaN      NaN       NaN       NaN           0
  9051.00            NaN       NaN      NaN       NaN       NaN           0
  9151.00            NaN       NaN      NaN       NaN       NaN           0
  9251.00            NaN       NaN      NaN       NaN       NaN           0
  9351.00            NaN       NaN      NaN       NaN       NaN           0
  9451.00            NaN       NaN      NaN       NaN       NaN           0
  9551.00            NaN       NaN      NaN       NaN       NaN           0
  9651.00            NaN       NaN      NaN       NaN       NaN           0
  9751.00            NaN       NaN      NaN       NaN       NaN           0
  9851.00            NaN       NaN      NaN       NaN       NaN           0
  9951.00            NaN       NaN      NaN       NaN       NaN           0
 10501.00            NaN       NaN      NaN       NaN       NaN           0
 11501.00            NaN       NaN      NaN       NaN       NaN           0
 12501.00            NaN       NaN      NaN       NaN       NaN           0
 13501.00            NaN       NaN      NaN       NaN       NaN           0
 14501.00            NaN       NaN      NaN       NaN       NaN           0
 15501.00            NaN       NaN      NaN       NaN       NaN           0
 16501.00            NaN       NaN      NaN       NaN       NaN           0
 17501.00            NaN       NaN      NaN       NaN       NaN           0
 18501.00            NaN       NaN      NaN       NaN       NaN           0
 19501.00            NaN       NaN      NaN       NaN       NaN           0
 20501.00            NaN       NaN      NaN       NaN       NaN           0
 21501.00            NaN       NaN      NaN       NaN       NaN           0
 22501.00            NaN       NaN      NaN       NaN       NaN           0
 23501.00            NaN       NaN      NaN       NaN       NaN           0
 24501.00            NaN       NaN      NaN       NaN       NaN           0
