 E              SP        Sig       dE     dN        SP1           Ions
 Various data to calculate stopping power for input of 1 ion/cm^2/s.
 Conversion from [eV*cm^2] to [(MeV/mg)*cm^2] is 3.345e-15.
 Ion Energy     dE/dN     Sigma       dE     dN        Sigma*dE      Counts
 [keV/u]        [eV*cm^2] [cm^2]      [eV]   [cm^-2]   [eV*cm^2]    per bin
     1.50       7.01E-18  2.93E-16    38.54  5.10E+15  1.13E-14     6495769
     2.50       7.30E-18  3.68E-16    38.43  3.61E+15  1.41E-14     6510470
     3.50       8.21E-18  4.63E-16    38.30  2.75E+15  1.77E-14     6526165
     4.50       1.04E-17  5.66E-16    38.41  2.27E+15  2.17E-14     6513708
     5.50       1.89E-17  6.70E-16    38.66  1.98E+15  2.59E-14     6488987
     6.50       1.86E-17  7.69E-16    39.08  1.80E+15  3.00E-14     6448297
     7.50       1.82E-17  8.57E-16    39.64  1.69E+15  3.40E-14     6362341
     8.50       2.16E-17  9.29E-16    39.81  1.62E+15  3.70E-14     6364082
     9.50       1.78E-17  9.85E-16    39.06  1.58E+15  3.85E-14     6461162
    10.50       2.11E-17  1.02E-15    39.18  1.56E+15  3.99E-14     6411374
    11.50       2.33E-17  1.03E-15    40.55  1.57E+15  4.18E-14     6194786
    12.50       2.22E-17  1.04E-15    41.98  1.57E+15  4.36E-14     5983225
    13.50       2.59E-17  1.04E-15    43.43  1.57E+15  4.52E-14     5784126
    14.50       2.43E-17  1.04E-15    44.90  1.56E+15  4.66E-14     5595214
    15.50       3.05E-17  1.03E-15    46.36  1.56E+15  4.79E-14     5418363
    16.50       3.49E-17  1.03E-15    47.83  1.55E+15  4.91E-14     5251395
    17.50       2.89E-17  1.02E-15    49.34  1.54E+15  5.03E-14     5092077
    18.50       2.85E-17  1.01E-15    50.80  1.54E+15  5.14E-14     4945955
    19.50       3.28E-17  1.00E-15    52.27  1.53E+15  5.25E-14     4806439
    20.50       2.57E-16  9.97E-16    53.75  1.52E+15  5.36E-14     4673941
    21.50       3.50E-17  9.90E-16    55.21  1.51E+15  5.47E-14     4550667
    22.50       3.94E-17  9.83E-16    56.64  1.50E+15  5.57E-14     4435839
    23.50       5.83E-17  9.78E-16    58.10  1.48E+15  5.68E-14     4324755
    24.50       3.87E-17  9.74E-16    59.47  1.47E+15  5.79E-14     4224600
    25.50       3.93E-17  9.69E-16    60.90  1.47E+15  5.90E-14     4126120
    26.50       4.54E-17  9.66E-16    62.31  1.45E+15  6.02E-14     4032473
    27.50       4.89E-17  9.62E-16    63.67  1.44E+15  6.13E-14     3946816
    28.50       4.69E-17  9.61E-16    65.05  1.43E+15  6.25E-14     3862783
    29.50       6.90E-17  9.60E-16    66.31  1.42E+15  6.37E-14     3790086
    30.50       6.36E-17  9.58E-16    67.56  1.41E+15  6.47E-14     3719469
    31.50       6.41E-17  9.58E-16    68.88  1.40E+15  6.60E-14     3648152
    32.50       5.53E-17  9.59E-16    70.05  1.39E+15  6.72E-14     3586970
    33.50       7.73E-17  9.60E-16    71.30  1.38E+15  6.84E-14     3524429
    34.50       5.25E-17  9.62E-16    72.50  1.36E+15  6.98E-14     3466393
    35.50       5.43E-17  9.64E-16    73.64  1.35E+15  7.10E-14     3412462
    36.50       6.38E-17  9.67E-16    74.75  1.34E+15  7.23E-14     3362342
    37.50       7.06E-17  9.71E-16    75.85  1.33E+15  7.36E-14     3312806
    38.50       9.81E-17  9.74E-16    76.91  1.32E+15  7.49E-14     3267465
    39.50       8.18E-17  9.79E-16    77.87  1.31E+15  7.62E-14     3226993
    40.50       7.54E-17  9.85E-16    78.95  1.30E+15  7.78E-14     3183168
    41.50       8.10E-17  9.89E-16    79.86  1.29E+15  7.90E-14     3146881
    42.50       7.01E-17  9.95E-16    80.79  1.27E+15  8.04E-14     3110562
    43.50       6.68E-17  1.00E-15    81.70  1.26E+15  8.19E-14     3076339
    44.50       7.39E-17  1.01E-15    82.54  1.25E+15  8.33E-14     3044602
    45.50       7.76E-17  1.02E-15    83.32  1.24E+15  8.47E-14     3016290
    46.50       7.73E-17  1.02E-15    84.22  1.23E+15  8.63E-14     2983722
    47.50       8.39E-17  1.03E-15    84.93  1.22E+15  8.75E-14     2959211
    48.50       8.90E-17  1.04E-15    85.67  1.21E+15  8.91E-14     2933627
    49.50       8.16E-17  1.05E-15    86.38  1.20E+15  9.05E-14     2909786
    50.50       1.05E-16  1.06E-15    87.15  1.19E+15  9.21E-14     2883435
    51.50       1.21E-16  1.06E-15    87.92  1.18E+15  9.35E-14     2858592
    52.50       1.65E-16  1.07E-15    88.57  1.17E+15  9.48E-14     2837767
    53.50       8.99E-17  1.08E-15    89.26  1.16E+15  9.62E-14     2815682
    54.50       9.92E-17  1.08E-15    89.86  1.15E+15  9.75E-14     2796936
    55.50       1.03E-16  1.09E-15    90.49  1.14E+15  9.88E-14     2777713
    56.50       9.45E-17  1.10E-15    91.04  1.13E+15  1.00E-13     2760341
    57.50       9.47E-17  1.11E-15    91.74  1.12E+15  1.02E-13     2739961
    58.50       1.11E-16  1.11E-15    92.23  1.11E+15  1.03E-13     2725239
    59.50       1.11E-16  1.12E-15    92.76  1.11E+15  1.04E-13     2709558
    60.50       9.03E-17  1.13E-15    93.35  1.10E+15  1.05E-13     2692420
    61.50       1.19E-16  1.14E-15    93.86  1.09E+15  1.07E-13     2677888
    62.50       1.17E-16  1.15E-15    94.46  1.08E+15  1.08E-13     2660796
    63.50       1.05E-16  1.15E-15    94.79  1.08E+15  1.09E-13     2651586
    64.50       1.25E-16  1.16E-15    95.20  1.07E+15  1.11E-13     2639998
    65.50       1.27E-16  1.17E-15    95.75  1.06E+15  1.12E-13     2625220
    66.50       1.06E-16  1.18E-15    96.07  1.05E+15  1.13E-13     2616073
    67.50       1.20E-16  1.19E-15    96.46  1.04E+15  1.15E-13     2605719
    68.50       1.53E-16  1.20E-15    96.91  1.03E+15  1.16E-13     2593490
    69.50       1.53E-16  1.21E-15    97.29  1.02E+15  1.17E-13     2583745
    70.50       1.21E-16  1.21E-15    97.51  1.02E+15  1.18E-13     2577602
    71.50       1.22E-16  1.23E-15    97.74  1.01E+15  1.20E-13     2571578
    72.50       1.57E-16  1.24E-15    97.95  1.00E+15  1.21E-13     2566065
    73.50       1.21E-16  1.25E-15    98.29  9.92E+14  1.23E-13     2557069
    74.50       1.33E-16  1.26E-15    98.53  9.80E+14  1.24E-13     2551303
    75.50       1.35E-16  1.27E-15    98.67  9.73E+14  1.25E-13     2547211
    76.50       1.43E-16  1.28E-15    98.76  9.63E+14  1.27E-13     2545125
    77.50       1.27E-16  1.30E-15    98.77  9.53E+14  1.28E-13     2544812
    78.50       1.46E-16  1.31E-15    98.74  9.44E+14  1.29E-13     2545620
    79.50       2.19E-16  1.32E-15    98.59  9.35E+14  1.31E-13     2549050
    80.50       1.37E-16  1.34E-15    98.60  9.24E+14  1.32E-13     2549192
    81.50       1.31E-16  1.35E-15    98.64  9.13E+14  1.34E-13     2548294
    82.50       1.36E-16  1.37E-15    98.37  9.04E+14  1.35E-13     2555181
    83.50       1.94E-16  1.39E-15    98.34  8.92E+14  1.36E-13     2556614
    84.50       1.68E-16  1.40E-15    98.28  8.84E+14  1.38E-13     2557583
    85.50       1.18E-16  1.42E-15    98.11  8.71E+14  1.39E-13     2562183
    86.50       1.78E-16  1.44E-15    97.98  8.64E+14  1.41E-13     2565707
    87.50       1.64E-16  1.45E-15    97.74  8.51E+14  1.42E-13     2571741
    88.50       1.60E-16  1.47E-15    97.78  8.40E+14  1.44E-13     2570847
    89.50       1.47E-16  1.49E-15    97.40  8.32E+14  1.45E-13     2580555
    90.50       1.84E-16  1.51E-15    97.23  8.19E+14  1.47E-13     2585741
    91.50       1.64E-16  1.53E-15    96.92  8.10E+14  1.48E-13     2593185
    92.50       1.62E-16  1.55E-15    96.74  7.99E+14  1.49E-13     2598828
    93.50       1.60E-16  1.56E-15    96.49  7.90E+14  1.51E-13     2605272
    94.50       1.43E-16  1.58E-15    96.41  7.80E+14  1.52E-13     2607122
    95.50       1.63E-16  1.60E-15    96.15  7.71E+14  1.54E-13     2614448
    96.50       1.68E-16  1.62E-15    95.91  7.61E+14  1.55E-13     2621431
    97.50       1.54E-16  1.63E-15    95.68  7.53E+14  1.56E-13     2627147
    98.50       1.81E-16  1.65E-15    95.44  7.43E+14  1.58E-13     2633818
    99.50       1.54E-16  1.67E-15    95.16  7.35E+14  1.59E-13     2641804
   100.50       1.84E-16  1.69E-15    94.81  7.23E+14  1.61E-13     2651170
   106.00       1.71E-17  1.79E-15    92.98  6.81E+14  1.66E-13    27035413
   116.00       1.91E-17  1.94E-15    89.72  6.13E+14  1.74E-13    28014953
   126.00       1.81E-17  2.09E-15    86.76  5.61E+14  1.81E-13    28972830
   136.00       2.30E-17  2.22E-15    84.00  5.19E+14  1.86E-13    29925713
   146.00       2.19E-17  2.34E-15    81.49  4.85E+14  1.91E-13    30845342
   156.00       1.79E-17  2.46E-15    79.18  4.57E+14  1.94E-13    31747689
   166.00       1.90E-17  2.57E-15    76.95  4.33E+14  1.98E-13    32668780
   176.00       1.65E-17  2.67E-15    74.95  4.13E+14  2.00E-13    33540763
   186.00       2.28E-17  2.77E-15    73.12  3.95E+14  2.03E-13    34379304
   196.00       2.04E-17  2.86E-15    71.41  3.80E+14  2.04E-13    35201222
   206.00       1.65E-17  2.95E-15    69.42  3.67E+14  2.05E-13    36210936
   216.00       1.73E-17  3.03E-15    67.39  3.55E+14  2.04E-13    37297879
   226.00       1.86E-17  3.09E-15    65.65  3.45E+14  2.03E-13    38293405
   236.00       1.47E-17  3.15E-15    64.08  3.37E+14  2.02E-13    39227256
   246.00       1.47E-17  3.20E-15    62.69  3.30E+14  2.01E-13    40096324
   256.00       1.59E-17  3.24E-15    61.53  3.25E+14  1.99E-13    40856528
   266.00       2.07E-17  3.27E-15    60.51  3.20E+14  1.98E-13    41539289
   276.00       1.62E-17  3.30E-15    59.55  3.16E+14  1.97E-13    42208482
   286.00       1.47E-17  3.32E-15    58.72  3.13E+14  1.95E-13    42809209
   296.00       1.40E-17  3.34E-15    57.98  3.11E+14  1.93E-13    43352237
   306.00       1.29E-17  3.35E-15    57.29  3.09E+14  1.92E-13    43881813
   316.00       1.53E-17  3.36E-15    56.71  3.08E+14  1.90E-13    44323016
   326.00       1.47E-17  3.36E-15    56.14  3.06E+14  1.89E-13    44773941
   336.00       1.36E-17  3.36E-15    55.62  3.06E+14  1.87E-13    45197877
   346.00       1.19E-17  3.37E-15    55.12  3.05E+14  1.85E-13    45610420
   356.00       1.13E-17  3.37E-15    54.66  3.05E+14  1.84E-13    45985804
   366.00       1.18E-17  3.36E-15    54.28  3.05E+14  1.83E-13    46306663
   376.00       1.22E-17  3.36E-15    53.91  3.05E+14  1.81E-13    46632880
   386.00       1.36E-17  3.36E-15    53.56  3.05E+14  1.80E-13    46934858
   396.00       1.14E-17  3.35E-15    53.23  3.06E+14  1.78E-13    47223213
   406.00       1.32E-17  3.35E-15    52.86  3.06E+14  1.77E-13    47559498
   416.00       1.17E-17  3.35E-15    52.55  3.06E+14  1.76E-13    47835968
   426.00       1.12E-17  3.34E-15    52.26  3.06E+14  1.75E-13    48100388
   436.00       1.08E-17  3.34E-15    51.94  3.06E+14  1.74E-13    48401517
   446.00       1.12E-17  3.34E-15    51.69  3.07E+14  1.73E-13    48635587
   456.00       1.89E-17  3.24E-15    53.32  3.28E+14  1.73E-13    24813519
   466.00            NaN       NaN      NaN       NaN       NaN           0
   476.00            NaN       NaN      NaN       NaN       NaN           0
   486.00            NaN       NaN      NaN       NaN       NaN           0
   496.00            NaN       NaN      NaN       NaN       NaN           0
   506.00            NaN       NaN      NaN       NaN       NaN           0
   516.00            NaN       NaN      NaN       NaN       NaN           0
   526.00            NaN       NaN      NaN       NaN       NaN           0
   536.00            NaN       NaN      NaN       NaN       NaN           0
   546.00            NaN       NaN      NaN       NaN       NaN           0
   556.00            NaN       NaN      NaN       NaN       NaN           0
   566.00            NaN       NaN      NaN       NaN       NaN           0
   576.00            NaN       NaN      NaN       NaN       NaN           0
   586.00            NaN       NaN      NaN       NaN       NaN           0
   596.00            NaN       NaN      NaN       NaN       NaN           0
   606.00            NaN       NaN      NaN       NaN       NaN           0
   616.00            NaN       NaN      NaN       NaN       NaN           0
   626.00            NaN       NaN      NaN       NaN       NaN           0
   636.00            NaN       NaN      NaN       NaN       NaN           0
   646.00            NaN       NaN      NaN       NaN       NaN           0
   656.00            NaN       NaN      NaN       NaN       NaN           0
   666.00            NaN       NaN      NaN       NaN       NaN           0
   676.00            NaN       NaN      NaN       NaN       NaN           0
   686.00            NaN       NaN      NaN       NaN       NaN           0
   696.00            NaN       NaN      NaN       NaN       NaN           0
   706.00            NaN       NaN      NaN       NaN       NaN           0
   716.00            NaN       NaN      NaN       NaN       NaN           0
   726.00            NaN       NaN      NaN       NaN       NaN           0
   736.00            NaN       NaN      NaN       NaN       NaN           0
   746.00            NaN       NaN      NaN       NaN       NaN           0
   756.00            NaN       NaN      NaN       NaN       NaN           0
   766.00            NaN       NaN      NaN       NaN       NaN           0
   776.00            NaN       NaN      NaN       NaN       NaN           0
   786.00            NaN       NaN      NaN       NaN       NaN           0
   796.00            NaN       NaN      NaN       NaN       NaN           0
   806.00            NaN       NaN      NaN       NaN       NaN           0
   816.00            NaN       NaN      NaN       NaN       NaN           0
   826.00            NaN       NaN      NaN       NaN       NaN           0
   836.00            NaN       NaN      NaN       NaN       NaN           0
   846.00            NaN       NaN      NaN       NaN       NaN           0
   856.00            NaN       NaN      NaN       NaN       NaN           0
   866.00            NaN       NaN      NaN       NaN       NaN           0
   876.00            NaN       NaN      NaN       NaN       NaN           0
   886.00            NaN       NaN      NaN       NaN       NaN           0
   896.00            NaN       NaN      NaN       NaN       NaN           0
   906.00            NaN       NaN      NaN       NaN       NaN           0
   916.00            NaN       NaN      NaN       NaN       NaN           0
   926.00            NaN       NaN      NaN       NaN       NaN           0
   936.00            NaN       NaN      NaN       NaN       NaN           0
   946.00            NaN       NaN      NaN       NaN       NaN           0
   956.00            NaN       NaN      NaN       NaN       NaN           0
   966.00            NaN       NaN      NaN       NaN       NaN           0
   976.00            NaN       NaN      NaN       NaN       NaN           0
   986.00            NaN       NaN      NaN       NaN       NaN           0
   996.00            NaN       NaN      NaN       NaN       NaN           0
  1051.00            NaN       NaN      NaN       NaN       NaN           0
  1151.00            NaN       NaN      NaN       NaN       NaN           0
  1251.00            NaN       NaN      NaN       NaN       NaN           0
  1351.00            NaN       NaN      NaN       NaN       NaN           0
  1451.00            NaN       NaN      NaN       NaN       NaN           0
  1551.00            NaN       NaN      NaN       NaN       NaN           0
  1651.00            NaN       NaN      NaN       NaN       NaN           0
  1751.00            NaN       NaN      NaN       NaN       NaN           0
  1851.00            NaN       NaN      NaN       NaN       NaN           0
  1951.00            NaN       NaN      NaN       NaN       NaN           0
  2051.00            NaN       NaN      NaN       NaN       NaN           0
  2151.00            NaN       NaN      NaN       NaN       NaN           0
  2251.00            NaN       NaN      NaN       NaN       NaN           0
  2351.00            NaN       NaN      NaN       NaN       NaN           0
  2451.00            NaN       NaN      NaN       NaN       NaN           0
  2551.00            NaN       NaN      NaN       NaN       NaN           0
  2651.00            NaN       NaN      NaN       NaN       NaN           0
  2751.00            NaN       NaN      NaN       NaN       NaN           0
  2851.00            NaN       NaN      NaN       NaN       NaN           0
  2951.00            NaN       NaN      NaN       NaN       NaN           0
  3051.00            NaN       NaN      NaN       NaN       NaN           0
  3151.00            NaN       NaN      NaN       NaN       NaN           0
  3251.00            NaN       NaN      NaN       NaN       NaN           0
  3351.00            NaN       NaN      NaN       NaN       NaN           0
  3451.00            NaN       NaN      NaN       NaN       NaN           0
  3551.00            NaN       NaN      NaN       NaN       NaN           0
  3651.00            NaN       NaN      NaN       NaN       NaN           0
  3751.00            NaN       NaN      NaN       NaN       NaN           0
  3851.00            NaN       NaN      NaN       NaN       NaN           0
  3951.00            NaN       NaN      NaN       NaN       NaN           0
  4051.00            NaN       NaN      NaN       NaN       NaN           0
  4151.00            NaN       NaN      NaN       NaN       NaN           0
  4251.00            NaN       NaN      NaN       NaN       NaN           0
  4351.00            NaN       NaN      NaN       NaN       NaN           0
  4451.00            NaN       NaN      NaN       NaN       NaN           0
  4551.00            NaN       NaN      NaN       NaN       NaN           0
  4651.00            NaN       NaN      NaN       NaN       NaN           0
  4751.00            NaN       NaN      NaN       NaN       NaN           0
  4851.00            NaN       NaN      NaN       NaN       NaN           0
  4951.00            NaN       NaN      NaN       NaN       NaN           0
  5051.00            NaN       NaN      NaN       NaN       NaN           0
  5151.00            NaN       NaN      NaN       NaN       NaN           0
  5251.00            NaN       NaN      NaN       NaN       NaN           0
  5351.00            NaN       NaN      NaN       NaN       NaN           0
  5451.00            NaN       NaN      NaN       NaN       NaN           0
  5551.00            NaN       NaN      NaN       NaN       NaN           0
  5651.00            NaN       NaN      NaN       NaN       NaN           0
  5751.00            NaN       NaN      NaN       NaN       NaN           0
  5851.00            NaN       NaN      NaN       NaN       NaN           0
  5951.00            NaN       NaN      NaN       NaN       NaN           0
  6051.00            NaN       NaN      NaN       NaN       NaN           0
  6151.00            NaN       NaN      NaN       NaN       NaN           0
  6251.00            NaN       NaN      NaN       NaN       NaN           0
  6351.00            NaN       NaN      NaN       NaN       NaN           0
  6451.00            NaN       NaN      NaN       NaN       NaN           0
  6551.00            NaN       NaN      NaN       NaN       NaN           0
  6651.00            NaN       NaN      NaN       NaN       NaN           0
  6751.00            NaN       NaN      NaN       NaN       NaN           0
  6851.00            NaN       NaN      NaN       NaN       NaN           0
  6951.00            NaN       NaN      NaN       NaN       NaN           0
  7051.00            NaN       NaN      NaN       NaN       NaN           0
  7151.00            NaN       NaN      NaN       NaN       NaN           0
  7251.00            NaN       NaN      NaN       NaN       NaN           0
  7351.00            NaN       NaN      NaN       NaN       NaN           0
  7451.00            NaN       NaN      NaN       NaN       NaN           0
  7551.00            NaN       NaN      NaN       NaN       NaN           0
  7651.00            NaN       NaN      NaN       NaN       NaN           0
  7751.00            NaN       NaN      NaN       NaN       NaN           0
  7851.00            NaN       NaN      NaN       NaN       NaN           0
  7951.00            NaN       NaN      NaN       NaN       NaN           0
  8051.00            NaN       NaN      NaN       NaN       NaN           0
  8151.00            NaN       NaN      NaN       NaN       NaN           0
  8251.00            NaN       NaN      NaN       NaN       NaN           0
  8351.00            NaN       NaN      NaN       NaN       NaN           0
  8451.00            NaN       NaN      NaN       NaN       NaN           0
  8551.00            NaN       NaN      NaN       NaN       NaN           0
  8651.00            NaN       NaN      NaN       NaN       NaN           0
  8751.00            NaN       NaN      NaN       NaN       NaN           0
  8851.00            NaN       NaN      NaN       NaN       NaN           0
  8951.00            NaN       NaN      NaN       NaN       NaN           0
  9051.00            NaN       NaN      NaN       NaN       NaN           0
  9151.00            NaN       NaN      NaN       NaN       NaN           0
  9251.00            NaN       NaN      NaN       NaN       NaN           0
  9351.00            NaN       NaN      NaN       NaN       NaN           0
  9451.00            NaN       NaN      NaN       NaN       NaN           0
  9551.00            NaN       NaN      NaN       NaN       NaN           0
  9651.00            NaN       NaN      NaN       NaN       NaN           0
  9751.00            NaN       NaN      NaN       NaN       NaN           0
  9851.00            NaN       NaN      NaN       NaN       NaN           0
  9951.00            NaN       NaN      NaN       NaN       NaN           0
 10501.00            NaN       NaN      NaN       NaN       NaN           0
 11501.00            NaN       NaN      NaN       NaN       NaN           0
 12501.00            NaN       NaN      NaN       NaN       NaN           0
 13501.00            NaN       NaN      NaN       NaN       NaN           0
 14501.00            NaN       NaN      NaN       NaN       NaN           0
 15501.00            NaN       NaN      NaN       NaN       NaN           0
 16501.00            NaN       NaN      NaN       NaN       NaN           0
 17501.00            NaN       NaN      NaN       NaN       NaN           0
 18501.00            NaN       NaN      NaN       NaN       NaN           0
 19501.00            NaN       NaN      NaN       NaN       NaN           0
 20501.00            NaN       NaN      NaN       NaN       NaN           0
 21501.00            NaN       NaN      NaN       NaN       NaN           0
 22501.00            NaN       NaN      NaN       NaN       NaN           0
 23501.00            NaN       NaN      NaN       NaN       NaN           0
 24501.00            NaN       NaN      NaN       NaN       NaN           0
