 H^+ production rate [cm^-3 s^-1] from sulfur ion precipitation.
 Input of 1 ion/cm^2/s.
 Alt [km] Production Rate
 2998.00     2.17E-08
 2996.00     4.83E-08
 2994.00     4.99E-08
 2992.00     7.28E-09
 2990.00     4.23E-08
 2988.00     3.44E-08
 2986.00     2.15E-08
 2984.00     3.63E-08
 2982.00     4.54E-08
 2980.00     4.89E-08
 2978.00     4.21E-08
 2976.00     5.66E-08
 2974.00     2.53E-08
 2972.00     4.65E-08
 2970.00     6.73E-08
 2968.00     3.63E-08
 2966.00     3.32E-08
 2964.00     3.73E-08
 2962.00     4.23E-08
 2960.00     3.93E-08
 2958.00     3.01E-08
 2956.00     5.03E-08
 2954.00     2.58E-08
 2952.00     3.73E-08
 2950.00     3.56E-08
 2948.00     6.27E-08
 2946.00     3.72E-08
 2944.00     3.83E-08
 2942.00     6.00E-08
 2940.00     4.64E-08
 2938.00     7.11E-08
 2936.00     3.34E-08
 2934.00     2.80E-08
 2932.00     6.15E-08
 2930.00     7.94E-08
 2928.00     2.86E-08
 2926.00     6.39E-08
 2924.00     7.01E-08
 2922.00     5.27E-08
 2920.00     5.29E-08
 2918.00     3.83E-08
 2916.00     4.06E-08
 2914.00     8.00E-08
 2912.00     4.81E-08
 2910.00     5.73E-08
 2908.00     6.78E-08
 2906.00     4.18E-08
 2904.00     3.83E-08
 2902.00     4.36E-08
 2900.00     6.26E-08
 2898.00     7.21E-08
 2896.00     4.63E-08
 2894.00     5.47E-08
 2892.00     5.39E-08
 2890.00     7.76E-08
 2888.00     6.58E-08
 2886.00     7.77E-08
 2884.00     8.27E-08
 2882.00     4.56E-08
 2880.00     7.30E-08
 2878.00     3.86E-08
 2876.00     7.07E-08
 2874.00     6.95E-08
 2872.00     6.86E-08
 2870.00     8.86E-08
 2868.00     9.43E-08
 2866.00     6.00E-08
 2864.00     7.47E-08
 2862.00     7.53E-08
 2860.00     8.73E-08
 2858.00     7.35E-08
 2856.00     6.00E-08
 2854.00     4.74E-08
 2852.00     9.23E-08
 2850.00     8.73E-08
 2848.00     7.50E-08
 2846.00     6.30E-08
 2844.00     8.07E-08
 2842.00     5.55E-08
 2840.00     1.41E-07
 2838.00     1.06E-07
 2836.00     1.08E-07
 2834.00     8.88E-08
 2832.00     7.70E-08
 2830.00     6.57E-08
 2828.00     1.42E-07
 2826.00     7.68E-08
 2824.00     8.48E-08
 2822.00     8.55E-08
 2820.00     8.41E-08
 2818.00     8.05E-08
 2816.00     1.35E-07
 2814.00     1.23E-07
 2812.00     9.44E-08
 2810.00     6.76E-08
 2808.00     8.37E-08
 2806.00     9.55E-08
 2804.00     9.50E-08
 2802.00     7.92E-08
 2800.00     1.25E-07
 2798.00     8.08E-08
 2796.00     8.77E-08
 2794.00     1.15E-07
 2792.00     6.89E-08
 2790.00     1.13E-07
 2788.00     1.33E-07
 2786.00     1.02E-07
 2784.00     1.40E-07
 2782.00     1.03E-07
 2780.00     1.25E-07
 2778.00     1.14E-07
 2776.00     9.02E-08
 2774.00     1.38E-07
 2772.00     1.10E-07
 2770.00     9.82E-08
 2768.00     1.10E-07
 2766.00     9.55E-08
 2764.00     1.66E-07
 2762.00     1.40E-07
 2760.00     1.41E-07
 2758.00     1.53E-07
 2756.00     1.27E-07
 2754.00     1.34E-07
 2752.00     1.50E-07
 2750.00     1.16E-07
 2748.00     1.42E-07
 2746.00     1.39E-07
 2744.00     9.93E-08
 2742.00     1.60E-07
 2740.00     1.55E-07
 2738.00     1.34E-07
 2736.00     1.45E-07
 2734.00     1.64E-07
 2732.00     1.69E-07
 2730.00     1.36E-07
 2728.00     1.51E-07
 2726.00     9.30E-08
 2724.00     1.88E-07
 2722.00     1.40E-07
 2720.00     1.55E-07
 2718.00     2.31E-07
 2716.00     2.22E-07
 2714.00     1.54E-07
 2712.00     1.84E-07
 2710.00     2.03E-07
 2708.00     1.55E-07
 2706.00     1.64E-07
 2704.00     1.92E-07
 2702.00     2.04E-07
 2700.00     1.86E-07
 2698.00     1.64E-07
 2696.00     1.72E-07
 2694.00     1.83E-07
 2692.00     1.95E-07
 2690.00     1.62E-07
 2688.00     2.21E-07
 2686.00     1.98E-07
 2684.00     1.59E-07
 2682.00     2.25E-07
 2680.00     1.99E-07
 2678.00     1.64E-07
 2676.00     2.37E-07
 2674.00     2.11E-07
 2672.00     1.86E-07
 2670.00     2.00E-07
 2668.00     2.01E-07
 2666.00     2.24E-07
 2664.00     2.90E-07
 2662.00     2.12E-07
 2660.00     2.35E-07
 2658.00     2.83E-07
 2656.00     3.22E-07
 2654.00     3.16E-07
 2652.00     2.57E-07
 2650.00     2.81E-07
 2648.00     1.84E-07
 2646.00     2.72E-07
 2644.00     1.85E-07
 2642.00     3.12E-07
 2640.00     2.81E-07
 2638.00     2.60E-07
 2636.00     1.92E-07
 2634.00     3.27E-07
 2632.00     2.00E-07
 2630.00     2.87E-07
 2628.00     2.16E-07
 2626.00     2.73E-07
 2624.00     3.36E-07
 2622.00     3.00E-07
 2620.00     2.09E-07
 2618.00     2.41E-07
 2616.00     2.56E-07
 2614.00     3.39E-07
 2612.00     3.11E-07
 2610.00     3.05E-07
 2608.00     2.97E-07
 2606.00     2.91E-07
 2604.00     2.74E-07
 2602.00     2.72E-07
 2600.00     3.05E-07
 2598.00     3.37E-07
 2596.00     3.07E-07
 2594.00     2.63E-07
 2592.00     2.65E-07
 2590.00     3.34E-07
 2588.00     2.77E-07
 2586.00     3.27E-07
 2584.00     4.06E-07
 2582.00     3.56E-07
 2580.00     2.75E-07
 2578.00     3.54E-07
 2576.00     3.75E-07
 2574.00     4.17E-07
 2572.00     3.18E-07
 2570.00     3.68E-07
 2568.00     3.87E-07
 2566.00     3.41E-07
 2564.00     3.54E-07
 2562.00     4.26E-07
 2560.00     3.78E-07
 2558.00     3.76E-07
 2556.00     3.61E-07
 2554.00     3.76E-07
 2552.00     3.61E-07
 2550.00     4.48E-07
 2548.00     3.89E-07
 2546.00     4.18E-07
 2544.00     4.35E-07
 2542.00     4.46E-07
 2540.00     5.06E-07
 2538.00     4.51E-07
 2536.00     4.14E-07
 2534.00     3.98E-07
 2532.00     3.99E-07
 2530.00     4.57E-07
 2528.00     5.52E-07
 2526.00     4.62E-07
 2524.00     4.03E-07
 2522.00     4.57E-07
 2520.00     4.01E-07
 2518.00     4.31E-07
 2516.00     6.06E-07
 2514.00     5.40E-07
 2512.00     5.32E-07
 2510.00     4.70E-07
 2508.00     4.37E-07
 2506.00     4.53E-07
 2504.00     5.32E-07
 2502.00     4.70E-07
 2500.00     4.92E-07
 2498.00     5.40E-07
 2496.00     5.73E-07
 2494.00     5.28E-07
 2492.00     4.95E-07
 2490.00     5.66E-07
 2488.00     5.05E-07
 2486.00     5.96E-07
 2484.00     5.27E-07
 2482.00     4.47E-07
 2480.00     5.18E-07
 2478.00     5.29E-07
 2476.00     6.08E-07
 2474.00     5.28E-07
 2472.00     5.79E-07
 2470.00     5.83E-07
 2468.00     5.79E-07
 2466.00     6.08E-07
 2464.00     6.16E-07
 2462.00     6.13E-07
 2460.00     6.33E-07
 2458.00     6.00E-07
 2456.00     6.40E-07
 2454.00     6.75E-07
 2452.00     6.68E-07
 2450.00     6.45E-07
 2448.00     6.79E-07
 2446.00     7.40E-07
 2444.00     6.25E-07
 2442.00     7.41E-07
 2440.00     7.47E-07
 2438.00     8.21E-07
 2436.00     6.55E-07
 2434.00     6.39E-07
 2432.00     7.82E-07
 2430.00     7.21E-07
 2428.00     6.85E-07
 2426.00     6.90E-07
 2424.00     7.33E-07
 2422.00     6.63E-07
 2420.00     7.28E-07
 2418.00     7.47E-07
 2416.00     8.70E-07
 2414.00     7.58E-07
 2412.00     8.13E-07
 2410.00     7.10E-07
 2408.00     8.66E-07
 2406.00     7.65E-07
 2404.00     9.00E-07
 2402.00     9.63E-07
 2400.00     9.81E-07
 2398.00     8.90E-07
 2396.00     9.00E-07
 2394.00     7.52E-07
 2392.00     9.27E-07
 2390.00     8.12E-07
 2388.00     9.94E-07
 2386.00     9.89E-07
 2384.00     9.89E-07
 2382.00     1.05E-06
 2380.00     8.95E-07
 2378.00     8.85E-07
 2376.00     1.04E-06
 2374.00     8.34E-07
 2372.00     9.80E-07
 2370.00     1.06E-06
 2368.00     8.91E-07
 2366.00     8.38E-07
 2364.00     1.02E-06
 2362.00     9.66E-07
 2360.00     1.06E-06
 2358.00     1.06E-06
 2356.00     1.05E-06
 2354.00     1.13E-06
 2352.00     1.01E-06
 2350.00     1.04E-06
 2348.00     1.03E-06
 2346.00     1.34E-06
 2344.00     1.01E-06
 2342.00     1.11E-06
 2340.00     1.14E-06
 2338.00     1.17E-06
 2336.00     1.22E-06
 2334.00     1.08E-06
 2332.00     1.12E-06
 2330.00     1.10E-06
 2328.00     1.28E-06
 2326.00     1.21E-06
 2324.00     1.21E-06
 2322.00     1.12E-06
 2320.00     1.08E-06
 2318.00     1.20E-06
 2316.00     1.15E-06
 2314.00     1.30E-06
 2312.00     1.29E-06
 2310.00     1.18E-06
 2308.00     1.32E-06
 2306.00     1.27E-06
 2304.00     1.33E-06
 2302.00     1.33E-06
 2300.00     1.46E-06
 2298.00     1.33E-06
 2296.00     1.33E-06
 2294.00     1.48E-06
 2292.00     1.42E-06
 2290.00     1.50E-06
 2288.00     1.39E-06
 2286.00     1.46E-06
 2284.00     1.55E-06
 2282.00     1.36E-06
 2280.00     1.62E-06
 2278.00     1.68E-06
 2276.00     1.53E-06
 2274.00     1.64E-06
 2272.00     1.45E-06
 2270.00     1.29E-06
 2268.00     1.58E-06
 2266.00     1.59E-06
 2264.00     1.61E-06
 2262.00     1.55E-06
 2260.00     1.60E-06
 2258.00     1.76E-06
 2256.00     1.69E-06
 2254.00     1.62E-06
 2252.00     1.65E-06
 2250.00     1.87E-06
 2248.00     1.84E-06
 2246.00     1.68E-06
 2244.00     1.75E-06
 2242.00     1.67E-06
 2240.00     1.83E-06
 2238.00     1.94E-06
 2236.00     1.88E-06
 2234.00     1.93E-06
 2232.00     1.79E-06
 2230.00     1.96E-06
 2228.00     1.83E-06
 2226.00     1.96E-06
 2224.00     2.00E-06
 2222.00     1.78E-06
 2220.00     2.25E-06
 2218.00     2.02E-06
 2216.00     2.08E-06
 2214.00     1.96E-06
 2212.00     1.91E-06
 2210.00     2.12E-06
 2208.00     2.00E-06
 2206.00     2.08E-06
 2204.00     2.23E-06
 2202.00     2.08E-06
 2200.00     2.15E-06
 2198.00     2.24E-06
 2196.00     2.34E-06
 2194.00     2.14E-06
 2192.00     2.15E-06
 2190.00     1.96E-06
 2188.00     1.94E-06
 2186.00     2.31E-06
 2184.00     2.12E-06
 2182.00     2.29E-06
 2180.00     2.24E-06
 2178.00     2.26E-06
 2176.00     2.50E-06
 2174.00     2.54E-06
 2172.00     2.26E-06
 2170.00     2.33E-06
 2168.00     2.42E-06
 2166.00     2.41E-06
 2164.00     2.45E-06
 2162.00     2.36E-06
 2160.00     2.49E-06
 2158.00     2.45E-06
 2156.00     2.42E-06
 2154.00     2.55E-06
 2152.00     2.53E-06
 2150.00     2.62E-06
 2148.00     2.57E-06
 2146.00     2.67E-06
 2144.00     2.75E-06
 2142.00     2.56E-06
 2140.00     2.54E-06
 2138.00     2.76E-06
 2136.00     2.89E-06
 2134.00     2.67E-06
 2132.00     2.97E-06
 2130.00     2.76E-06
 2128.00     2.46E-06
 2126.00     2.87E-06
 2124.00     2.99E-06
 2122.00     2.89E-06
 2120.00     2.90E-06
 2118.00     2.83E-06
 2116.00     3.12E-06
 2114.00     3.03E-06
 2112.00     3.04E-06
 2110.00     3.13E-06
 2108.00     3.00E-06
 2106.00     3.24E-06
 2104.00     3.14E-06
 2102.00     3.13E-06
 2100.00     3.14E-06
 2098.00     3.16E-06
 2096.00     3.15E-06
 2094.00     3.04E-06
 2092.00     3.32E-06
 2090.00     3.31E-06
 2088.00     3.36E-06
 2086.00     3.19E-06
 2084.00     3.46E-06
 2082.00     3.67E-06
 2080.00     3.49E-06
 2078.00     3.30E-06
 2076.00     3.36E-06
 2074.00     3.47E-06
 2072.00     3.67E-06
 2070.00     3.59E-06
 2068.00     3.61E-06
 2066.00     3.45E-06
 2064.00     3.65E-06
 2062.00     3.74E-06
 2060.00     3.61E-06
 2058.00     3.62E-06
 2056.00     3.71E-06
 2054.00     3.57E-06
 2052.00     3.90E-06
 2050.00     3.54E-06
 2048.00     3.70E-06
 2046.00     3.70E-06
 2044.00     3.63E-06
 2042.00     3.69E-06
 2040.00     3.71E-06
 2038.00     4.26E-06
 2036.00     3.78E-06
 2034.00     3.96E-06
 2032.00     4.05E-06
 2030.00     3.77E-06
 2028.00     3.84E-06
 2026.00     4.14E-06
 2024.00     4.04E-06
 2022.00     4.09E-06
 2020.00     3.92E-06
 2018.00     4.29E-06
 2016.00     4.20E-06
 2014.00     4.23E-06
 2012.00     3.96E-06
 2010.00     4.43E-06
 2008.00     3.96E-06
 2006.00     4.30E-06
 2004.00     4.18E-06
 2002.00     4.48E-06
 2000.00     4.28E-06
 1998.00     4.40E-06
 1996.00     4.18E-06
 1994.00     4.58E-06
 1992.00     4.34E-06
 1990.00     4.45E-06
 1988.00     4.56E-06
 1986.00     4.77E-06
 1984.00     4.69E-06
 1982.00     4.81E-06
 1980.00     4.82E-06
 1978.00     4.56E-06
 1976.00     4.78E-06
 1974.00     4.84E-06
 1972.00     4.68E-06
 1970.00     4.86E-06
 1968.00     4.54E-06
 1966.00     4.73E-06
 1964.00     4.66E-06
 1962.00     4.90E-06
 1960.00     4.98E-06
 1958.00     5.01E-06
 1956.00     4.95E-06
 1954.00     5.14E-06
 1952.00     5.16E-06
 1950.00     5.08E-06
 1948.00     5.13E-06
 1946.00     5.18E-06
 1944.00     5.24E-06
 1942.00     5.05E-06
 1940.00     5.22E-06
 1938.00     5.05E-06
 1936.00     5.69E-06
 1934.00     5.48E-06
 1932.00     5.21E-06
 1930.00     5.40E-06
 1928.00     5.50E-06
 1926.00     5.48E-06
 1924.00     5.31E-06
 1922.00     5.74E-06
 1920.00     5.95E-06
 1918.00     5.98E-06
 1916.00     5.59E-06
 1914.00     5.80E-06
 1912.00     5.84E-06
 1910.00     5.75E-06
 1908.00     5.97E-06
 1906.00     5.82E-06
 1904.00     5.66E-06
 1902.00     6.27E-06
 1900.00     6.14E-06
 1898.00     5.97E-06
 1896.00     6.27E-06
 1894.00     6.13E-06
 1892.00     6.46E-06
 1890.00     6.31E-06
 1888.00     6.45E-06
 1886.00     6.45E-06
 1884.00     6.56E-06
 1882.00     6.52E-06
 1880.00     6.63E-06
 1878.00     6.53E-06
 1876.00     6.61E-06
 1874.00     6.80E-06
 1872.00     6.35E-06
 1870.00     6.62E-06
 1868.00     6.74E-06
 1866.00     6.80E-06
 1864.00     6.93E-06
 1862.00     6.79E-06
 1860.00     7.29E-06
 1858.00     6.72E-06
 1856.00     6.96E-06
 1854.00     7.10E-06
 1852.00     7.20E-06
 1850.00     7.43E-06
 1848.00     7.15E-06
 1846.00     7.73E-06
 1844.00     7.39E-06
 1842.00     7.40E-06
 1840.00     7.39E-06
 1838.00     7.73E-06
 1836.00     7.50E-06
 1834.00     8.04E-06
 1832.00     7.49E-06
 1830.00     7.87E-06
 1828.00     8.16E-06
 1826.00     7.64E-06
 1824.00     7.80E-06
 1822.00     8.16E-06
 1820.00     8.39E-06
 1818.00     8.09E-06
 1816.00     8.47E-06
 1814.00     8.47E-06
 1812.00     8.41E-06
 1810.00     8.32E-06
 1808.00     8.70E-06
 1806.00     8.45E-06
 1804.00     8.55E-06
 1802.00     8.71E-06
 1800.00     8.64E-06
 1798.00     8.91E-06
 1796.00     9.07E-06
 1794.00     9.33E-06
 1792.00     9.02E-06
 1790.00     9.72E-06
 1788.00     9.59E-06
 1786.00     9.30E-06
 1784.00     9.30E-06
 1782.00     9.13E-06
 1780.00     9.37E-06
 1778.00     9.72E-06
 1776.00     9.80E-06
 1774.00     1.00E-05
 1772.00     1.02E-05
 1770.00     1.04E-05
 1768.00     1.05E-05
 1766.00     1.07E-05
 1764.00     1.03E-05
 1762.00     1.02E-05
 1760.00     1.08E-05
 1758.00     1.07E-05
 1756.00     1.10E-05
 1754.00     1.10E-05
 1752.00     1.08E-05
 1750.00     1.13E-05
 1748.00     1.09E-05
 1746.00     1.08E-05
 1744.00     1.14E-05
 1742.00     1.14E-05
 1740.00     1.15E-05
 1738.00     1.15E-05
 1736.00     1.13E-05
 1734.00     1.21E-05
 1732.00     1.18E-05
 1730.00     1.26E-05
 1728.00     1.25E-05
 1726.00     1.27E-05
 1724.00     1.23E-05
 1722.00     1.22E-05
 1720.00     1.25E-05
 1718.00     1.28E-05
 1716.00     1.31E-05
 1714.00     1.31E-05
 1712.00     1.31E-05
 1710.00     1.33E-05
 1708.00     1.36E-05
 1706.00     1.37E-05
 1704.00     1.36E-05
 1702.00     1.38E-05
 1700.00     1.41E-05
 1698.00     1.42E-05
 1696.00     1.45E-05
 1694.00     1.47E-05
 1692.00     1.49E-05
 1690.00     1.46E-05
 1688.00     1.54E-05
 1686.00     1.51E-05
 1684.00     1.56E-05
 1682.00     1.56E-05
 1680.00     1.55E-05
 1678.00     1.54E-05
 1676.00     1.65E-05
 1674.00     1.63E-05
 1672.00     1.61E-05
 1670.00     1.68E-05
 1668.00     1.65E-05
 1666.00     1.73E-05
 1664.00     1.67E-05
 1662.00     1.74E-05
 1660.00     1.79E-05
 1658.00     1.80E-05
 1656.00     1.80E-05
 1654.00     1.78E-05
 1652.00     1.80E-05
 1650.00     1.87E-05
 1648.00     1.90E-05
 1646.00     1.91E-05
 1644.00     1.96E-05
 1642.00     1.88E-05
 1640.00     1.95E-05
 1638.00     2.01E-05
 1636.00     1.99E-05
 1634.00     2.04E-05
 1632.00     2.05E-05
 1630.00     2.06E-05
 1628.00     2.07E-05
 1626.00     2.12E-05
 1624.00     2.14E-05
 1622.00     2.20E-05
 1620.00     2.21E-05
 1618.00     2.19E-05
 1616.00     2.23E-05
 1614.00     2.23E-05
 1612.00     2.29E-05
 1610.00     2.24E-05
 1608.00     2.38E-05
 1606.00     2.32E-05
 1604.00     2.38E-05
 1602.00     2.39E-05
 1600.00     2.47E-05
 1598.00     2.55E-05
 1596.00     2.53E-05
 1594.00     2.51E-05
 1592.00     2.59E-05
 1590.00     2.59E-05
 1588.00     2.59E-05
 1586.00     2.68E-05
 1584.00     2.69E-05
 1582.00     2.68E-05
 1580.00     2.73E-05
 1578.00     2.82E-05
 1576.00     2.82E-05
 1574.00     2.92E-05
 1572.00     2.92E-05
 1570.00     2.97E-05
 1568.00     3.02E-05
 1566.00     3.02E-05
 1564.00     3.01E-05
 1562.00     3.05E-05
 1560.00     3.14E-05
 1558.00     3.21E-05
 1556.00     3.18E-05
 1554.00     3.23E-05
 1552.00     3.28E-05
 1550.00     3.25E-05
 1548.00     3.35E-05
 1546.00     3.41E-05
 1544.00     3.50E-05
 1542.00     3.58E-05
 1540.00     3.47E-05
 1538.00     3.57E-05
 1536.00     3.57E-05
 1534.00     3.67E-05
 1532.00     3.71E-05
 1530.00     3.82E-05
 1528.00     3.83E-05
 1526.00     3.89E-05
 1524.00     3.92E-05
 1522.00     3.94E-05
 1520.00     4.04E-05
 1518.00     3.99E-05
 1516.00     4.10E-05
 1514.00     4.15E-05
 1512.00     4.18E-05
 1510.00     4.30E-05
 1508.00     4.35E-05
 1506.00     4.37E-05
 1504.00     4.39E-05
 1502.00     4.40E-05
 1500.00     4.53E-05
 1498.00     4.57E-05
 1496.00     4.63E-05
 1494.00     4.74E-05
 1492.00     4.81E-05
 1490.00     4.77E-05
 1488.00     4.91E-05
 1486.00     5.03E-05
 1484.00     4.97E-05
 1482.00     5.03E-05
 1480.00     5.17E-05
 1478.00     5.22E-05
 1476.00     5.29E-05
 1474.00     5.37E-05
 1472.00     5.40E-05
 1470.00     5.47E-05
 1468.00     5.47E-05
 1466.00     5.61E-05
 1464.00     5.60E-05
 1462.00     5.80E-05
 1460.00     5.87E-05
 1458.00     5.83E-05
 1456.00     5.99E-05
 1454.00     6.06E-05
 1452.00     6.11E-05
 1450.00     6.13E-05
 1448.00     6.26E-05
 1446.00     6.33E-05
 1444.00     6.41E-05
 1442.00     6.59E-05
 1440.00     6.58E-05
 1438.00     6.77E-05
 1436.00     6.80E-05
 1434.00     6.85E-05
 1432.00     6.90E-05
 1430.00     7.19E-05
 1428.00     7.07E-05
 1426.00     7.24E-05
 1424.00     7.32E-05
 1422.00     7.41E-05
 1420.00     7.42E-05
 1418.00     7.60E-05
 1416.00     7.68E-05
 1414.00     7.78E-05
 1412.00     7.78E-05
 1410.00     7.95E-05
 1408.00     7.99E-05
 1406.00     8.25E-05
 1404.00     8.15E-05
 1402.00     8.39E-05
 1400.00     8.48E-05
 1398.00     8.65E-05
 1396.00     8.80E-05
 1394.00     8.75E-05
 1392.00     8.90E-05
 1390.00     8.95E-05
 1388.00     9.26E-05
 1386.00     9.25E-05
 1384.00     9.51E-05
 1382.00     9.60E-05
 1380.00     9.58E-05
 1378.00     9.80E-05
 1376.00     9.69E-05
 1374.00     1.00E-04
 1372.00     1.02E-04
 1370.00     1.03E-04
 1368.00     1.03E-04
 1366.00     1.06E-04
 1364.00     1.06E-04
 1362.00     1.07E-04
 1360.00     1.09E-04
 1358.00     1.10E-04
 1356.00     1.12E-04
 1354.00     1.14E-04
 1352.00     1.15E-04
 1350.00     1.16E-04
 1348.00     1.17E-04
 1346.00     1.18E-04
 1344.00     1.20E-04
 1342.00     1.22E-04
 1340.00     1.24E-04
 1338.00     1.26E-04
 1336.00     1.26E-04
 1334.00     1.29E-04
 1332.00     1.30E-04
 1330.00     1.32E-04
 1328.00     1.33E-04
 1326.00     1.35E-04
 1324.00     1.35E-04
 1322.00     1.38E-04
 1320.00     1.40E-04
 1318.00     1.42E-04
 1316.00     1.44E-04
 1314.00     1.45E-04
 1312.00     1.45E-04
 1310.00     1.49E-04
 1308.00     1.51E-04
 1306.00     1.53E-04
 1304.00     1.54E-04
 1302.00     1.55E-04
 1300.00     1.59E-04
 1298.00     1.60E-04
 1296.00     1.64E-04
 1294.00     1.67E-04
 1292.00     1.66E-04
 1290.00     1.70E-04
 1288.00     1.72E-04
 1286.00     1.73E-04
 1284.00     1.75E-04
 1282.00     1.77E-04
 1280.00     1.78E-04
 1278.00     1.82E-04
 1276.00     1.83E-04
 1274.00     1.87E-04
 1272.00     1.89E-04
 1270.00     1.91E-04
 1268.00     1.93E-04
 1266.00     1.95E-04
 1264.00     1.97E-04
 1262.00     2.01E-04
 1260.00     2.02E-04
 1258.00     2.04E-04
 1256.00     2.08E-04
 1254.00     2.12E-04
 1252.00     2.12E-04
 1250.00     2.16E-04
 1248.00     2.20E-04
 1246.00     2.20E-04
 1244.00     2.24E-04
 1242.00     2.27E-04
 1240.00     2.32E-04
 1238.00     2.34E-04
 1236.00     2.38E-04
 1234.00     2.39E-04
 1232.00     2.41E-04
 1230.00     2.42E-04
 1228.00     2.46E-04
 1226.00     2.49E-04
 1224.00     2.51E-04
 1222.00     2.56E-04
 1220.00     2.59E-04
 1218.00     2.61E-04
 1216.00     2.63E-04
 1214.00     2.66E-04
 1212.00     2.72E-04
 1210.00     2.73E-04
 1208.00     2.78E-04
 1206.00     2.82E-04
 1204.00     2.86E-04
 1202.00     2.88E-04
 1200.00     2.94E-04
 1198.00     2.95E-04
 1196.00     3.02E-04
 1194.00     3.04E-04
 1192.00     3.09E-04
 1190.00     3.11E-04
 1188.00     3.17E-04
 1186.00     3.19E-04
 1184.00     3.24E-04
 1182.00     3.27E-04
 1180.00     3.30E-04
 1178.00     3.33E-04
 1176.00     3.38E-04
 1174.00     3.43E-04
 1172.00     3.46E-04
 1170.00     3.50E-04
 1168.00     3.54E-04
 1166.00     3.60E-04
 1164.00     3.61E-04
 1162.00     3.66E-04
 1160.00     3.71E-04
 1158.00     3.78E-04
 1156.00     3.82E-04
 1154.00     3.87E-04
 1152.00     3.91E-04
 1150.00     3.97E-04
 1148.00     4.04E-04
 1146.00     4.09E-04
 1144.00     4.13E-04
 1142.00     4.18E-04
 1140.00     4.25E-04
 1138.00     4.30E-04
 1136.00     4.36E-04
 1134.00     4.42E-04
 1132.00     4.45E-04
 1130.00     4.52E-04
 1128.00     4.57E-04
 1126.00     4.61E-04
 1124.00     4.67E-04
 1122.00     4.73E-04
 1120.00     4.76E-04
 1118.00     4.84E-04
 1116.00     4.89E-04
 1114.00     4.94E-04
 1112.00     4.99E-04
 1110.00     5.05E-04
 1108.00     5.12E-04
 1106.00     5.21E-04
 1104.00     5.27E-04
 1102.00     5.34E-04
 1100.00     5.40E-04
 1098.00     5.49E-04
 1096.00     5.55E-04
 1094.00     5.66E-04
 1092.00     5.70E-04
 1090.00     5.76E-04
 1088.00     5.87E-04
 1086.00     5.91E-04
 1084.00     5.98E-04
 1082.00     6.08E-04
 1080.00     6.15E-04
 1078.00     6.19E-04
 1076.00     6.28E-04
 1074.00     6.36E-04
 1072.00     6.42E-04
 1070.00     6.46E-04
 1068.00     6.60E-04
 1066.00     6.67E-04
 1064.00     6.73E-04
 1062.00     6.85E-04
 1060.00     6.96E-04
 1058.00     6.98E-04
 1056.00     7.11E-04
 1054.00     7.18E-04
 1052.00     7.29E-04
 1050.00     7.41E-04
 1048.00     7.51E-04
 1046.00     7.59E-04
 1044.00     7.67E-04
 1042.00     7.78E-04
 1040.00     7.92E-04
 1038.00     8.00E-04
 1036.00     8.04E-04
 1034.00     8.17E-04
 1032.00     8.27E-04
 1030.00     8.39E-04
 1028.00     8.49E-04
 1026.00     8.59E-04
 1024.00     8.65E-04
 1022.00     8.78E-04
 1020.00     8.86E-04
 1018.00     8.98E-04
 1016.00     9.10E-04
 1014.00     9.21E-04
 1012.00     9.38E-04
 1010.00     9.49E-04
 1008.00     9.63E-04
 1006.00     9.77E-04
 1004.00     9.87E-04
 1002.00     1.00E-03
 1000.00     1.01E-03
  998.00     1.03E-03
  996.00     1.04E-03
  994.00     1.05E-03
  992.00     1.06E-03
  990.00     1.08E-03
  988.00     1.09E-03
  986.00     1.11E-03
  984.00     1.12E-03
  982.00     1.13E-03
  980.00     1.15E-03
  978.00     1.17E-03
  976.00     1.18E-03
  974.00     1.20E-03
  972.00     1.21E-03
  970.00     1.23E-03
  968.00     1.24E-03
  966.00     1.25E-03
  964.00     1.27E-03
  962.00     1.29E-03
  960.00     1.31E-03
  958.00     1.33E-03
  956.00     1.34E-03
  954.00     1.35E-03
  952.00     1.37E-03
  950.00     1.39E-03
  948.00     1.41E-03
  946.00     1.42E-03
  944.00     1.45E-03
  942.00     1.47E-03
  940.00     1.48E-03
  938.00     1.50E-03
  936.00     1.52E-03
  934.00     1.54E-03
  932.00     1.56E-03
  930.00     1.59E-03
  928.00     1.61E-03
  926.00     1.63E-03
  924.00     1.64E-03
  922.00     1.67E-03
  920.00     1.69E-03
  918.00     1.71E-03
  916.00     1.74E-03
  914.00     1.76E-03
  912.00     1.78E-03
  910.00     1.81E-03
  908.00     1.82E-03
  906.00     1.85E-03
  904.00     1.87E-03
  902.00     1.90E-03
  900.00     1.92E-03
  898.00     1.94E-03
  896.00     1.97E-03
  894.00     2.00E-03
  892.00     2.02E-03
  890.00     2.06E-03
  888.00     2.08E-03
  886.00     2.11E-03
  884.00     2.14E-03
  882.00     2.17E-03
  880.00     2.20E-03
  878.00     2.22E-03
  876.00     2.25E-03
  874.00     2.28E-03
  872.00     2.32E-03
  870.00     2.35E-03
  868.00     2.38E-03
  866.00     2.40E-03
  864.00     2.44E-03
  862.00     2.47E-03
  860.00     2.51E-03
  858.00     2.55E-03
  856.00     2.58E-03
  854.00     2.62E-03
  852.00     2.65E-03
  850.00     2.70E-03
  848.00     2.72E-03
  846.00     2.76E-03
  844.00     2.80E-03
  842.00     2.83E-03
  840.00     2.87E-03
  838.00     2.90E-03
  836.00     2.94E-03
  834.00     2.99E-03
  832.00     3.02E-03
  830.00     3.07E-03
  828.00     3.10E-03
  826.00     3.16E-03
  824.00     3.20E-03
  822.00     3.23E-03
  820.00     3.29E-03
  818.00     3.34E-03
  816.00     3.38E-03
  814.00     3.44E-03
  812.00     3.47E-03
  810.00     3.53E-03
  808.00     3.57E-03
  806.00     3.62E-03
  804.00     3.67E-03
  802.00     3.72E-03
  800.00     3.77E-03
  798.00     3.82E-03
  796.00     3.87E-03
  794.00     3.93E-03
  792.00     3.98E-03
  790.00     4.04E-03
  788.00     4.10E-03
  786.00     4.15E-03
  784.00     4.20E-03
  782.00     4.25E-03
  780.00     4.32E-03
  778.00     4.39E-03
  776.00     4.45E-03
  774.00     4.51E-03
  772.00     4.58E-03
  770.00     4.64E-03
  768.00     4.70E-03
  766.00     4.77E-03
  764.00     4.83E-03
  762.00     4.90E-03
  760.00     4.98E-03
  758.00     5.05E-03
  756.00     5.12E-03
  754.00     5.18E-03
  752.00     5.24E-03
  750.00     5.34E-03
  748.00     5.42E-03
  746.00     5.49E-03
  744.00     5.57E-03
  742.00     5.64E-03
  740.00     5.73E-03
  738.00     5.82E-03
  736.00     5.89E-03
  734.00     5.98E-03
  732.00     6.06E-03
  730.00     6.16E-03
  728.00     6.25E-03
  726.00     6.34E-03
  724.00     6.42E-03
  722.00     6.51E-03
  720.00     6.61E-03
  718.00     6.71E-03
  716.00     6.81E-03
  714.00     6.90E-03
  712.00     7.00E-03
  710.00     7.11E-03
  708.00     7.21E-03
  706.00     7.32E-03
  704.00     7.42E-03
  702.00     7.52E-03
  700.00     7.65E-03
  698.00     7.76E-03
  696.00     7.88E-03
  694.00     7.99E-03
  692.00     8.11E-03
  690.00     8.24E-03
  688.00     8.37E-03
  686.00     8.49E-03
  684.00     8.61E-03
  682.00     8.74E-03
  680.00     8.87E-03
  678.00     9.01E-03
  676.00     9.15E-03
  674.00     9.27E-03
  672.00     9.42E-03
  670.00     9.57E-03
  668.00     9.72E-03
  666.00     9.87E-03
  664.00     1.00E-02
  662.00     1.02E-02
  660.00     1.03E-02
  658.00     1.05E-02
  656.00     1.06E-02
  654.00     1.08E-02
  652.00     1.10E-02
  650.00     1.12E-02
  648.00     1.13E-02
  646.00     1.15E-02
  644.00     1.17E-02
  642.00     1.18E-02
  640.00     1.20E-02
  638.00     1.22E-02
  636.00     1.24E-02
  634.00     1.26E-02
  632.00     1.28E-02
  630.00     1.30E-02
  628.00     1.32E-02
  626.00     1.34E-02
  624.00     1.37E-02
  622.00     1.39E-02
  620.00     1.41E-02
  618.00     1.44E-02
  616.00     1.46E-02
  614.00     1.48E-02
  612.00     1.51E-02
  610.00     1.53E-02
  608.00     1.56E-02
  606.00     1.57E-02
  604.00     1.60E-02
  602.00     1.62E-02
  600.00     1.65E-02
  598.00     1.68E-02
  596.00     1.71E-02
  594.00     1.73E-02
  592.00     1.76E-02
  590.00     1.79E-02
  588.00     1.83E-02
  586.00     1.86E-02
  584.00     1.89E-02
  582.00     1.92E-02
  580.00     1.95E-02
  578.00     1.99E-02
  576.00     2.02E-02
  574.00     2.05E-02
  572.00     2.09E-02
  570.00     2.12E-02
  568.00     2.16E-02
  566.00     2.20E-02
  564.00     2.23E-02
  562.00     2.27E-02
  560.00     2.31E-02
  558.00     2.35E-02
  556.00     2.39E-02
  554.00     2.44E-02
  552.00     2.48E-02
  550.00     2.53E-02
  548.00     2.57E-02
  546.00     2.62E-02
  544.00     2.66E-02
  542.00     2.71E-02
  540.00     2.76E-02
  538.00     2.82E-02
  536.00     2.87E-02
  534.00     2.92E-02
  532.00     2.97E-02
  530.00     3.03E-02
  528.00     3.09E-02
  526.00     3.15E-02
  524.00     3.20E-02
  522.00     3.26E-02
  520.00     3.32E-02
  518.00     3.38E-02
  516.00     3.45E-02
  514.00     3.51E-02
  512.00     3.58E-02
  510.00     3.66E-02
  508.00     3.73E-02
  506.00     3.80E-02
  504.00     3.86E-02
  502.00     3.93E-02
  500.00     4.02E-02
  498.00     4.11E-02
  496.00     4.19E-02
  494.00     4.26E-02
  492.00     4.34E-02
  490.00     4.44E-02
  488.00     4.53E-02
  486.00     4.62E-02
  484.00     4.71E-02
  482.00     4.80E-02
  480.00     4.91E-02
  478.00     5.02E-02
  476.00     5.12E-02
  474.00     5.22E-02
  472.00     5.33E-02
  470.00     5.46E-02
  468.00     5.58E-02
  466.00     5.69E-02
  464.00     5.80E-02
  462.00     5.93E-02
  460.00     6.07E-02
  458.00     6.21E-02
  456.00     6.34E-02
  454.00     6.47E-02
  452.00     6.61E-02
  450.00     6.78E-02
  448.00     6.94E-02
  446.00     7.09E-02
  444.00     7.24E-02
  442.00     7.40E-02
  440.00     7.59E-02
  438.00     7.76E-02
  436.00     7.93E-02
  434.00     8.12E-02
  432.00     8.31E-02
  430.00     8.55E-02
  428.00     8.79E-02
  426.00     8.98E-02
  424.00     9.16E-02
  422.00     9.36E-02
  420.00     9.61E-02
  418.00     9.89E-02
  416.00     1.01E-01
  414.00     1.03E-01
  412.00     1.06E-01
  410.00     1.09E-01
  408.00     1.12E-01
  406.00     1.15E-01
  404.00     1.18E-01
  402.00     1.21E-01
  400.00     1.24E-01
  398.00     1.28E-01
  396.00     1.31E-01
  394.00     1.34E-01
  392.00     1.38E-01
  390.00     1.42E-01
  388.00     1.47E-01
  386.00     1.50E-01
  384.00     1.54E-01
  382.00     1.58E-01
  380.00     1.64E-01
  378.00     1.69E-01
  376.00     1.73E-01
  374.00     1.77E-01
  372.00     1.82E-01
  370.00     1.89E-01
  368.00     1.96E-01
  366.00     2.01E-01
  364.00     2.06E-01
  362.00     2.12E-01
  360.00     2.18E-01
  358.00     2.22E-01
  356.00     2.23E-01
  354.00     2.21E-01
  352.00     2.16E-01
  350.00     2.09E-01
  348.00     1.96E-01
  346.00     1.78E-01
  344.00     1.54E-01
  342.00     1.28E-01
  340.00     9.91E-02
  338.00     7.06E-02
  336.00     4.53E-02
  334.00     2.54E-02
  332.00     1.13E-02
  330.00     3.04E-03
  328.00     2.70E-04
  326.00     4.32E-07
  324.00     0.00E+00
  322.00     0.00E+00
  320.00     0.00E+00
  318.00     0.00E+00
  316.00     0.00E+00
  314.00     0.00E+00
  312.00     0.00E+00
  310.00     0.00E+00
  308.00     0.00E+00
  306.00     0.00E+00
  304.00     0.00E+00
  302.00     0.00E+00
  300.00     0.00E+00
  298.00     0.00E+00
  296.00     0.00E+00
  294.00     0.00E+00
  292.00     0.00E+00
  290.00     0.00E+00
  288.00     0.00E+00
  286.00     0.00E+00
  284.00     0.00E+00
  282.00     0.00E+00
  280.00     0.00E+00
  278.00     0.00E+00
  276.00     0.00E+00
  274.00     0.00E+00
  272.00     0.00E+00
  270.00     0.00E+00
  268.00     0.00E+00
  266.00     0.00E+00
  264.00     0.00E+00
  262.00     0.00E+00
  260.00     0.00E+00
  258.00     0.00E+00
  256.00     0.00E+00
  254.00     0.00E+00
  252.00     0.00E+00
  250.00     0.00E+00
  248.00     0.00E+00
  246.00     0.00E+00
  244.00     0.00E+00
  242.00     0.00E+00
  240.00     0.00E+00
  238.00     0.00E+00
  236.00     0.00E+00
  234.00     0.00E+00
  232.00     0.00E+00
  230.00     0.00E+00
  228.00     0.00E+00
  226.00     0.00E+00
  224.00     0.00E+00
  222.00     0.00E+00
  220.00     0.00E+00
  218.00     0.00E+00
  216.00     0.00E+00
  214.00     0.00E+00
  212.00     0.00E+00
  210.00     0.00E+00
  208.00     0.00E+00
  206.00     0.00E+00
  204.00     0.00E+00
  202.00     0.00E+00
  200.00     0.00E+00
  198.00     0.00E+00
  196.00     0.00E+00
  194.00     0.00E+00
  192.00     0.00E+00
  190.00     0.00E+00
  188.00     0.00E+00
  186.00     0.00E+00
  184.00     0.00E+00
  182.00     0.00E+00
  180.00     0.00E+00
  178.00     0.00E+00
  176.00     0.00E+00
  174.00     0.00E+00
  172.00     0.00E+00
  170.00     0.00E+00
  168.00     0.00E+00
  166.00     0.00E+00
  164.00     0.00E+00
  162.00     0.00E+00
  160.00     0.00E+00
  158.00     0.00E+00
  156.00     0.00E+00
  154.00     0.00E+00
  152.00     0.00E+00
  150.00     0.00E+00
  148.00     0.00E+00
  146.00     0.00E+00
  144.00     0.00E+00
  142.00     0.00E+00
  140.00     0.00E+00
  138.00     0.00E+00
  136.00     0.00E+00
  134.00     0.00E+00
  132.00     0.00E+00
  130.00     0.00E+00
  128.00     0.00E+00
  126.00     0.00E+00
  124.00     0.00E+00
  122.00     0.00E+00
  120.00     0.00E+00
  118.00     0.00E+00
  116.00     0.00E+00
  114.00     0.00E+00
  112.00     0.00E+00
  110.00     0.00E+00
  108.00     0.00E+00
  106.00     0.00E+00
  104.00     0.00E+00
  102.00     0.00E+00
  100.00     0.00E+00
   98.00     0.00E+00
   96.00     0.00E+00
   94.00     0.00E+00
   92.00     0.00E+00
   90.00     0.00E+00
   88.00     0.00E+00
   86.00     0.00E+00
   84.00     0.00E+00
   82.00     0.00E+00
   80.00     0.00E+00
   78.00     0.00E+00
   76.00     0.00E+00
   74.00     0.00E+00
   72.00     0.00E+00
   70.00     0.00E+00
   68.00     0.00E+00
   66.00     0.00E+00
   64.00     0.00E+00
   62.00     0.00E+00
   60.00     0.00E+00
   58.00     0.00E+00
   56.00     0.00E+00
   54.00     0.00E+00
   52.00     0.00E+00
   50.00     0.00E+00
   48.00     0.00E+00
   46.00     0.00E+00
   44.00     0.00E+00
   42.00     0.00E+00
   40.00     0.00E+00
   38.00     0.00E+00
   36.00     0.00E+00
   34.00     0.00E+00
   32.00     0.00E+00
   30.00     0.00E+00
   28.00     0.00E+00
   26.00     0.00E+00
   24.00     0.00E+00
   22.00     0.00E+00
   20.00     0.00E+00
   18.00     0.00E+00
   16.00     0.00E+00
   14.00     0.00E+00
   12.00     0.00E+00
   10.00     0.00E+00
    8.00     0.00E+00
    6.00     0.00E+00
    4.00     0.00E+00
    2.00     0.00E+00
    0.00     0.00E+00
   -2.00     0.00E+00
   -4.00     0.00E+00
   -6.00     0.00E+00
   -8.00     0.00E+00
  -10.00     0.00E+00
  -12.00     0.00E+00
  -14.00     0.00E+00
  -16.00     0.00E+00
  -18.00     0.00E+00
  -20.00     0.00E+00
  -22.00     0.00E+00
  -24.00     0.00E+00
  -26.00     0.00E+00
  -28.00     0.00E+00
  -30.00     0.00E+00
  -32.00     0.00E+00
  -34.00     0.00E+00
  -36.00     0.00E+00
  -38.00     0.00E+00
  -40.00     0.00E+00
  -42.00     0.00E+00
  -44.00     0.00E+00
  -46.00     0.00E+00
  -48.00     0.00E+00
  -50.00     0.00E+00
  -52.00     0.00E+00
  -54.00     0.00E+00
  -56.00     0.00E+00
  -58.00     0.00E+00
  -60.00     0.00E+00
  -62.00     0.00E+00
  -64.00     0.00E+00
  -66.00     0.00E+00
  -68.00     0.00E+00
  -70.00     0.00E+00
  -72.00     0.00E+00
  -74.00     0.00E+00
  -76.00     0.00E+00
  -78.00     0.00E+00
  -80.00     0.00E+00
  -82.00     0.00E+00
  -84.00     0.00E+00
  -86.00     0.00E+00
  -88.00     0.00E+00
