 Total Production Rate:  1.629E+06

           560.984   568.474   574.001   665.616
     2.00 4.614E+05 4.614E+05 4.614E+05 2.443E+05

           560.984   568.474   574.001   665.616
  2998.00 0.000E+00 0.000E+00 0.000E+00 0.000E+00
  2996.00 0.000E+00 0.000E+00 0.000E+00 0.000E+00
  2994.00 0.000E+00 0.000E+00 0.000E+00 0.000E+00
  2992.00 0.000E+00 0.000E+00 0.000E+00 0.000E+00
  2990.00 0.000E+00 0.000E+00 0.000E+00 0.000E+00
  2988.00 0.000E+00 0.000E+00 0.000E+00 0.000E+00
  2986.00 0.000E+00 0.000E+00 0.000E+00 0.000E+00
  2984.00 0.000E+00 0.000E+00 0.000E+00 0.000E+00
  2982.00 0.000E+00 0.000E+00 0.000E+00 0.000E+00
  2980.00 0.000E+00 0.000E+00 0.000E+00 0.000E+00
  2978.00 0.000E+00 0.000E+00 0.000E+00 0.000E+00
  2976.00 0.000E+00 0.000E+00 0.000E+00 0.000E+00
  2974.00 0.000E+00 0.000E+00 0.000E+00 0.000E+00
  2972.00 0.000E+00 0.000E+00 0.000E+00 0.000E+00
  2970.00 0.000E+00 0.000E+00 0.000E+00 0.000E+00
  2968.00 0.000E+00 0.000E+00 0.000E+00 0.000E+00
  2966.00 0.000E+00 0.000E+00 0.000E+00 0.000E+00
  2964.00 0.000E+00 0.000E+00 0.000E+00 0.000E+00
  2962.00 0.000E+00 0.000E+00 0.000E+00 0.000E+00
  2960.00 0.000E+00 0.000E+00 0.000E+00 0.000E+00
  2958.00 0.000E+00 0.000E+00 0.000E+00 0.000E+00
  2956.00 0.000E+00 0.000E+00 0.000E+00 0.000E+00
  2954.00 0.000E+00 0.000E+00 0.000E+00 0.000E+00
  2952.00 0.000E+00 0.000E+00 0.000E+00 0.000E+00
  2950.00 0.000E+00 0.000E+00 0.000E+00 0.000E+00
  2948.00 0.000E+00 0.000E+00 0.000E+00 0.000E+00
  2946.00 0.000E+00 0.000E+00 0.000E+00 0.000E+00
  2944.00 0.000E+00 0.000E+00 0.000E+00 0.000E+00
  2942.00 0.000E+00 0.000E+00 0.000E+00 0.000E+00
  2940.00 0.000E+00 0.000E+00 0.000E+00 0.000E+00
  2938.00 0.000E+00 0.000E+00 0.000E+00 0.000E+00
  2936.00 0.000E+00 0.000E+00 0.000E+00 0.000E+00
  2934.00 0.000E+00 0.000E+00 0.000E+00 0.000E+00
  2932.00 0.000E+00 0.000E+00 0.000E+00 0.000E+00
  2930.00 0.000E+00 0.000E+00 0.000E+00 0.000E+00
  2928.00 0.000E+00 0.000E+00 0.000E+00 0.000E+00
  2926.00 0.000E+00 0.000E+00 0.000E+00 0.000E+00
  2924.00 0.000E+00 0.000E+00 0.000E+00 0.000E+00
  2922.00 0.000E+00 0.000E+00 0.000E+00 0.000E+00
  2920.00 0.000E+00 0.000E+00 0.000E+00 0.000E+00
  2918.00 0.000E+00 0.000E+00 0.000E+00 0.000E+00
  2916.00 0.000E+00 0.000E+00 0.000E+00 0.000E+00
  2914.00 0.000E+00 0.000E+00 0.000E+00 0.000E+00
  2912.00 0.000E+00 0.000E+00 0.000E+00 0.000E+00
  2910.00 0.000E+00 0.000E+00 0.000E+00 0.000E+00
  2908.00 0.000E+00 0.000E+00 0.000E+00 0.000E+00
  2906.00 0.000E+00 0.000E+00 0.000E+00 0.000E+00
  2904.00 0.000E+00 0.000E+00 0.000E+00 0.000E+00
  2902.00 0.000E+00 0.000E+00 0.000E+00 0.000E+00
  2900.00 0.000E+00 0.000E+00 0.000E+00 0.000E+00
  2898.00 0.000E+00 0.000E+00 0.000E+00 0.000E+00
  2896.00 0.000E+00 0.000E+00 0.000E+00 0.000E+00
  2894.00 0.000E+00 0.000E+00 0.000E+00 0.000E+00
  2892.00 0.000E+00 0.000E+00 0.000E+00 0.000E+00
  2890.00 0.000E+00 0.000E+00 0.000E+00 0.000E+00
  2888.00 0.000E+00 0.000E+00 0.000E+00 0.000E+00
  2886.00 0.000E+00 0.000E+00 0.000E+00 0.000E+00
  2884.00 0.000E+00 0.000E+00 0.000E+00 0.000E+00
  2882.00 0.000E+00 0.000E+00 0.000E+00 0.000E+00
  2880.00 0.000E+00 0.000E+00 0.000E+00 0.000E+00
  2878.00 0.000E+00 0.000E+00 0.000E+00 0.000E+00
  2876.00 0.000E+00 0.000E+00 0.000E+00 0.000E+00
  2874.00 0.000E+00 0.000E+00 0.000E+00 0.000E+00
  2872.00 0.000E+00 0.000E+00 0.000E+00 0.000E+00
  2870.00 0.000E+00 0.000E+00 0.000E+00 0.000E+00
  2868.00 0.000E+00 0.000E+00 0.000E+00 0.000E+00
  2866.00 0.000E+00 0.000E+00 0.000E+00 0.000E+00
  2864.00 0.000E+00 0.000E+00 0.000E+00 0.000E+00
  2862.00 0.000E+00 0.000E+00 0.000E+00 0.000E+00
  2860.00 0.000E+00 0.000E+00 0.000E+00 0.000E+00
  2858.00 0.000E+00 0.000E+00 0.000E+00 0.000E+00
  2856.00 0.000E+00 0.000E+00 0.000E+00 0.000E+00
  2854.00 0.000E+00 0.000E+00 0.000E+00 0.000E+00
  2852.00 0.000E+00 0.000E+00 0.000E+00 0.000E+00
  2850.00 0.000E+00 0.000E+00 0.000E+00 0.000E+00
  2848.00 0.000E+00 0.000E+00 0.000E+00 0.000E+00
  2846.00 0.000E+00 0.000E+00 0.000E+00 0.000E+00
  2844.00 0.000E+00 0.000E+00 0.000E+00 0.000E+00
  2842.00 0.000E+00 0.000E+00 0.000E+00 0.000E+00
  2840.00 0.000E+00 0.000E+00 0.000E+00 0.000E+00
  2838.00 0.000E+00 0.000E+00 0.000E+00 0.000E+00
  2836.00 0.000E+00 0.000E+00 0.000E+00 0.000E+00
  2834.00 0.000E+00 0.000E+00 0.000E+00 0.000E+00
  2832.00 0.000E+00 0.000E+00 0.000E+00 0.000E+00
  2830.00 0.000E+00 0.000E+00 0.000E+00 0.000E+00
  2828.00 0.000E+00 0.000E+00 0.000E+00 0.000E+00
  2826.00 0.000E+00 0.000E+00 0.000E+00 0.000E+00
  2824.00 0.000E+00 0.000E+00 0.000E+00 0.000E+00
  2822.00 0.000E+00 0.000E+00 0.000E+00 0.000E+00
  2820.00 0.000E+00 0.000E+00 0.000E+00 0.000E+00
  2818.00 0.000E+00 0.000E+00 0.000E+00 0.000E+00
  2816.00 0.000E+00 0.000E+00 0.000E+00 0.000E+00
  2814.00 0.000E+00 0.000E+00 0.000E+00 0.000E+00
  2812.00 0.000E+00 0.000E+00 0.000E+00 0.000E+00
  2810.00 0.000E+00 0.000E+00 0.000E+00 0.000E+00
  2808.00 0.000E+00 0.000E+00 0.000E+00 0.000E+00
  2806.00 0.000E+00 0.000E+00 0.000E+00 0.000E+00
  2804.00 0.000E+00 0.000E+00 0.000E+00 0.000E+00
  2802.00 0.000E+00 0.000E+00 0.000E+00 0.000E+00
  2800.00 0.000E+00 0.000E+00 0.000E+00 0.000E+00
  2798.00 0.000E+00 0.000E+00 0.000E+00 0.000E+00
  2796.00 0.000E+00 0.000E+00 0.000E+00 0.000E+00
  2794.00 0.000E+00 0.000E+00 0.000E+00 0.000E+00
  2792.00 0.000E+00 0.000E+00 0.000E+00 0.000E+00
  2790.00 0.000E+00 0.000E+00 0.000E+00 0.000E+00
  2788.00 0.000E+00 0.000E+00 0.000E+00 0.000E+00
  2786.00 0.000E+00 0.000E+00 0.000E+00 0.000E+00
  2784.00 0.000E+00 0.000E+00 0.000E+00 0.000E+00
  2782.00 0.000E+00 0.000E+00 0.000E+00 0.000E+00
  2780.00 0.000E+00 0.000E+00 0.000E+00 0.000E+00
  2778.00 0.000E+00 0.000E+00 0.000E+00 0.000E+00
  2776.00 0.000E+00 0.000E+00 0.000E+00 0.000E+00
  2774.00 0.000E+00 0.000E+00 0.000E+00 0.000E+00
  2772.00 0.000E+00 0.000E+00 0.000E+00 0.000E+00
  2770.00 0.000E+00 0.000E+00 0.000E+00 0.000E+00
  2768.00 0.000E+00 0.000E+00 0.000E+00 0.000E+00
  2766.00 0.000E+00 0.000E+00 0.000E+00 0.000E+00
  2764.00 0.000E+00 0.000E+00 0.000E+00 0.000E+00
  2762.00 0.000E+00 0.000E+00 0.000E+00 0.000E+00
  2760.00 0.000E+00 0.000E+00 0.000E+00 0.000E+00
  2758.00 0.000E+00 0.000E+00 0.000E+00 0.000E+00
  2756.00 0.000E+00 0.000E+00 0.000E+00 0.000E+00
  2754.00 0.000E+00 0.000E+00 0.000E+00 0.000E+00
  2752.00 0.000E+00 0.000E+00 0.000E+00 0.000E+00
  2750.00 0.000E+00 0.000E+00 0.000E+00 0.000E+00
  2748.00 0.000E+00 0.000E+00 0.000E+00 0.000E+00
  2746.00 0.000E+00 0.000E+00 0.000E+00 0.000E+00
  2744.00 0.000E+00 0.000E+00 0.000E+00 0.000E+00
  2742.00 0.000E+00 0.000E+00 0.000E+00 0.000E+00
  2740.00 0.000E+00 0.000E+00 0.000E+00 0.000E+00
  2738.00 0.000E+00 0.000E+00 0.000E+00 0.000E+00
  2736.00 0.000E+00 0.000E+00 0.000E+00 0.000E+00
  2734.00 0.000E+00 0.000E+00 0.000E+00 0.000E+00
  2732.00 0.000E+00 0.000E+00 0.000E+00 0.000E+00
  2730.00 0.000E+00 0.000E+00 0.000E+00 0.000E+00
  2728.00 0.000E+00 0.000E+00 0.000E+00 0.000E+00
  2726.00 0.000E+00 0.000E+00 0.000E+00 0.000E+00
  2724.00 0.000E+00 0.000E+00 0.000E+00 0.000E+00
  2722.00 0.000E+00 0.000E+00 0.000E+00 0.000E+00
  2720.00 0.000E+00 0.000E+00 0.000E+00 0.000E+00
  2718.00 0.000E+00 0.000E+00 0.000E+00 0.000E+00
  2716.00 0.000E+00 0.000E+00 0.000E+00 0.000E+00
  2714.00 0.000E+00 0.000E+00 0.000E+00 0.000E+00
  2712.00 0.000E+00 0.000E+00 0.000E+00 0.000E+00
  2710.00 0.000E+00 0.000E+00 0.000E+00 0.000E+00
  2708.00 0.000E+00 0.000E+00 0.000E+00 0.000E+00
  2706.00 0.000E+00 0.000E+00 0.000E+00 0.000E+00
  2704.00 0.000E+00 0.000E+00 0.000E+00 0.000E+00
  2702.00 0.000E+00 0.000E+00 0.000E+00 0.000E+00
  2700.00 0.000E+00 0.000E+00 0.000E+00 0.000E+00
  2698.00 0.000E+00 0.000E+00 0.000E+00 0.000E+00
  2696.00 0.000E+00 0.000E+00 0.000E+00 0.000E+00
  2694.00 0.000E+00 0.000E+00 0.000E+00 0.000E+00
  2692.00 0.000E+00 0.000E+00 0.000E+00 0.000E+00
  2690.00 0.000E+00 0.000E+00 0.000E+00 0.000E+00
  2688.00 0.000E+00 0.000E+00 0.000E+00 0.000E+00
  2686.00 0.000E+00 0.000E+00 0.000E+00 0.000E+00
  2684.00 0.000E+00 0.000E+00 0.000E+00 0.000E+00
  2682.00 0.000E+00 0.000E+00 0.000E+00 0.000E+00
  2680.00 0.000E+00 0.000E+00 0.000E+00 0.000E+00
  2678.00 0.000E+00 0.000E+00 0.000E+00 0.000E+00
  2676.00 0.000E+00 0.000E+00 0.000E+00 0.000E+00
  2674.00 0.000E+00 0.000E+00 0.000E+00 0.000E+00
  2672.00 0.000E+00 0.000E+00 0.000E+00 0.000E+00
  2670.00 0.000E+00 0.000E+00 0.000E+00 0.000E+00
  2668.00 0.000E+00 0.000E+00 0.000E+00 0.000E+00
  2666.00 0.000E+00 0.000E+00 0.000E+00 0.000E+00
  2664.00 0.000E+00 0.000E+00 0.000E+00 0.000E+00
  2662.00 0.000E+00 0.000E+00 0.000E+00 0.000E+00
  2660.00 0.000E+00 0.000E+00 0.000E+00 0.000E+00
  2658.00 0.000E+00 0.000E+00 0.000E+00 0.000E+00
  2656.00 0.000E+00 0.000E+00 0.000E+00 0.000E+00
  2654.00 0.000E+00 0.000E+00 0.000E+00 0.000E+00
  2652.00 0.000E+00 0.000E+00 0.000E+00 0.000E+00
  2650.00 0.000E+00 0.000E+00 0.000E+00 0.000E+00
  2648.00 0.000E+00 0.000E+00 0.000E+00 0.000E+00
  2646.00 0.000E+00 0.000E+00 0.000E+00 0.000E+00
  2644.00 0.000E+00 0.000E+00 0.000E+00 0.000E+00
  2642.00 0.000E+00 0.000E+00 0.000E+00 0.000E+00
  2640.00 0.000E+00 0.000E+00 0.000E+00 0.000E+00
  2638.00 0.000E+00 0.000E+00 0.000E+00 0.000E+00
  2636.00 0.000E+00 0.000E+00 0.000E+00 0.000E+00
  2634.00 0.000E+00 0.000E+00 0.000E+00 0.000E+00
  2632.00 0.000E+00 0.000E+00 0.000E+00 0.000E+00
  2630.00 0.000E+00 0.000E+00 0.000E+00 0.000E+00
  2628.00 0.000E+00 0.000E+00 0.000E+00 0.000E+00
  2626.00 0.000E+00 0.000E+00 0.000E+00 0.000E+00
  2624.00 0.000E+00 0.000E+00 0.000E+00 0.000E+00
  2622.00 0.000E+00 0.000E+00 0.000E+00 0.000E+00
  2620.00 0.000E+00 0.000E+00 0.000E+00 0.000E+00
  2618.00 0.000E+00 0.000E+00 0.000E+00 0.000E+00
  2616.00 0.000E+00 0.000E+00 0.000E+00 0.000E+00
  2614.00 0.000E+00 0.000E+00 0.000E+00 0.000E+00
  2612.00 0.000E+00 0.000E+00 0.000E+00 0.000E+00
  2610.00 0.000E+00 0.000E+00 0.000E+00 0.000E+00
  2608.00 0.000E+00 0.000E+00 0.000E+00 0.000E+00
  2606.00 0.000E+00 0.000E+00 0.000E+00 0.000E+00
  2604.00 0.000E+00 0.000E+00 0.000E+00 0.000E+00
  2602.00 0.000E+00 0.000E+00 0.000E+00 0.000E+00
  2600.00 0.000E+00 0.000E+00 0.000E+00 0.000E+00
  2598.00 0.000E+00 0.000E+00 0.000E+00 0.000E+00
  2596.00 0.000E+00 0.000E+00 0.000E+00 0.000E+00
  2594.00 0.000E+00 0.000E+00 0.000E+00 0.000E+00
  2592.00 0.000E+00 0.000E+00 0.000E+00 0.000E+00
  2590.00 0.000E+00 0.000E+00 0.000E+00 0.000E+00
  2588.00 0.000E+00 0.000E+00 0.000E+00 0.000E+00
  2586.00 0.000E+00 0.000E+00 0.000E+00 0.000E+00
  2584.00 0.000E+00 0.000E+00 0.000E+00 0.000E+00
  2582.00 0.000E+00 0.000E+00 0.000E+00 0.000E+00
  2580.00 0.000E+00 0.000E+00 0.000E+00 0.000E+00
  2578.00 0.000E+00 0.000E+00 0.000E+00 0.000E+00
  2576.00 0.000E+00 0.000E+00 0.000E+00 0.000E+00
  2574.00 0.000E+00 0.000E+00 0.000E+00 0.000E+00
  2572.00 0.000E+00 0.000E+00 0.000E+00 0.000E+00
  2570.00 0.000E+00 0.000E+00 0.000E+00 0.000E+00
  2568.00 0.000E+00 0.000E+00 0.000E+00 0.000E+00
  2566.00 0.000E+00 0.000E+00 0.000E+00 0.000E+00
  2564.00 0.000E+00 0.000E+00 0.000E+00 0.000E+00
  2562.00 0.000E+00 0.000E+00 0.000E+00 0.000E+00
  2560.00 0.000E+00 0.000E+00 0.000E+00 0.000E+00
  2558.00 0.000E+00 0.000E+00 0.000E+00 0.000E+00
  2556.00 0.000E+00 0.000E+00 0.000E+00 0.000E+00
  2554.00 0.000E+00 0.000E+00 0.000E+00 0.000E+00
  2552.00 0.000E+00 0.000E+00 0.000E+00 0.000E+00
  2550.00 0.000E+00 0.000E+00 0.000E+00 0.000E+00
  2548.00 0.000E+00 0.000E+00 0.000E+00 0.000E+00
  2546.00 0.000E+00 0.000E+00 0.000E+00 0.000E+00
  2544.00 0.000E+00 0.000E+00 0.000E+00 0.000E+00
  2542.00 0.000E+00 0.000E+00 0.000E+00 0.000E+00
  2540.00 0.000E+00 0.000E+00 0.000E+00 0.000E+00
  2538.00 0.000E+00 0.000E+00 0.000E+00 0.000E+00
  2536.00 0.000E+00 0.000E+00 0.000E+00 0.000E+00
  2534.00 0.000E+00 0.000E+00 0.000E+00 0.000E+00
  2532.00 0.000E+00 0.000E+00 0.000E+00 0.000E+00
  2530.00 0.000E+00 0.000E+00 0.000E+00 0.000E+00
  2528.00 0.000E+00 0.000E+00 0.000E+00 0.000E+00
  2526.00 0.000E+00 0.000E+00 0.000E+00 0.000E+00
  2524.00 0.000E+00 0.000E+00 0.000E+00 0.000E+00
  2522.00 0.000E+00 0.000E+00 0.000E+00 0.000E+00
  2520.00 0.000E+00 0.000E+00 0.000E+00 0.000E+00
  2518.00 0.000E+00 0.000E+00 0.000E+00 0.000E+00
  2516.00 0.000E+00 0.000E+00 0.000E+00 0.000E+00
  2514.00 0.000E+00 0.000E+00 0.000E+00 0.000E+00
  2512.00 0.000E+00 0.000E+00 0.000E+00 0.000E+00
  2510.00 0.000E+00 0.000E+00 0.000E+00 0.000E+00
  2508.00 0.000E+00 0.000E+00 0.000E+00 0.000E+00
  2506.00 0.000E+00 0.000E+00 0.000E+00 0.000E+00
  2504.00 0.000E+00 0.000E+00 0.000E+00 0.000E+00
  2502.00 0.000E+00 0.000E+00 0.000E+00 0.000E+00
  2500.00 0.000E+00 0.000E+00 0.000E+00 0.000E+00
  2498.00 0.000E+00 0.000E+00 0.000E+00 0.000E+00
  2496.00 0.000E+00 0.000E+00 0.000E+00 0.000E+00
  2494.00 0.000E+00 0.000E+00 0.000E+00 0.000E+00
  2492.00 0.000E+00 0.000E+00 0.000E+00 0.000E+00
  2490.00 0.000E+00 0.000E+00 0.000E+00 0.000E+00
  2488.00 0.000E+00 0.000E+00 0.000E+00 0.000E+00
  2486.00 0.000E+00 0.000E+00 0.000E+00 0.000E+00
  2484.00 0.000E+00 0.000E+00 0.000E+00 0.000E+00
  2482.00 0.000E+00 0.000E+00 0.000E+00 0.000E+00
  2480.00 0.000E+00 0.000E+00 0.000E+00 0.000E+00
  2478.00 0.000E+00 0.000E+00 0.000E+00 0.000E+00
  2476.00 0.000E+00 0.000E+00 0.000E+00 0.000E+00
  2474.00 0.000E+00 0.000E+00 0.000E+00 0.000E+00
  2472.00 0.000E+00 0.000E+00 0.000E+00 0.000E+00
  2470.00 0.000E+00 0.000E+00 0.000E+00 0.000E+00
  2468.00 0.000E+00 0.000E+00 0.000E+00 0.000E+00
  2466.00 0.000E+00 0.000E+00 0.000E+00 0.000E+00
  2464.00 0.000E+00 0.000E+00 0.000E+00 0.000E+00
  2462.00 0.000E+00 0.000E+00 0.000E+00 0.000E+00
  2460.00 0.000E+00 0.000E+00 0.000E+00 0.000E+00
  2458.00 0.000E+00 0.000E+00 0.000E+00 0.000E+00
  2456.00 0.000E+00 0.000E+00 0.000E+00 0.000E+00
  2454.00 0.000E+00 0.000E+00 0.000E+00 0.000E+00
  2452.00 0.000E+00 0.000E+00 0.000E+00 0.000E+00
  2450.00 0.000E+00 0.000E+00 0.000E+00 0.000E+00
  2448.00 0.000E+00 0.000E+00 0.000E+00 0.000E+00
  2446.00 0.000E+00 0.000E+00 0.000E+00 0.000E+00
  2444.00 0.000E+00 0.000E+00 0.000E+00 0.000E+00
  2442.00 0.000E+00 0.000E+00 0.000E+00 0.000E+00
  2440.00 0.000E+00 0.000E+00 0.000E+00 0.000E+00
  2438.00 0.000E+00 0.000E+00 0.000E+00 0.000E+00
  2436.00 0.000E+00 0.000E+00 0.000E+00 0.000E+00
  2434.00 0.000E+00 0.000E+00 0.000E+00 0.000E+00
  2432.00 0.000E+00 0.000E+00 0.000E+00 0.000E+00
  2430.00 0.000E+00 0.000E+00 0.000E+00 0.000E+00
  2428.00 0.000E+00 0.000E+00 0.000E+00 0.000E+00
  2426.00 0.000E+00 0.000E+00 0.000E+00 0.000E+00
  2424.00 0.000E+00 0.000E+00 0.000E+00 0.000E+00
  2422.00 0.000E+00 0.000E+00 0.000E+00 0.000E+00
  2420.00 0.000E+00 0.000E+00 0.000E+00 0.000E+00
  2418.00 0.000E+00 0.000E+00 0.000E+00 0.000E+00
  2416.00 0.000E+00 0.000E+00 0.000E+00 0.000E+00
  2414.00 0.000E+00 0.000E+00 0.000E+00 0.000E+00
  2412.00 0.000E+00 0.000E+00 0.000E+00 0.000E+00
  2410.00 0.000E+00 0.000E+00 0.000E+00 0.000E+00
  2408.00 0.000E+00 0.000E+00 0.000E+00 0.000E+00
  2406.00 0.000E+00 0.000E+00 0.000E+00 0.000E+00
  2404.00 0.000E+00 0.000E+00 0.000E+00 0.000E+00
  2402.00 0.000E+00 0.000E+00 0.000E+00 0.000E+00
  2400.00 0.000E+00 0.000E+00 0.000E+00 0.000E+00
  2398.00 0.000E+00 0.000E+00 0.000E+00 0.000E+00
  2396.00 0.000E+00 0.000E+00 0.000E+00 0.000E+00
  2394.00 0.000E+00 0.000E+00 0.000E+00 0.000E+00
  2392.00 0.000E+00 0.000E+00 0.000E+00 0.000E+00
  2390.00 0.000E+00 0.000E+00 0.000E+00 0.000E+00
  2388.00 0.000E+00 0.000E+00 0.000E+00 0.000E+00
  2386.00 0.000E+00 0.000E+00 0.000E+00 0.000E+00
  2384.00 0.000E+00 0.000E+00 0.000E+00 0.000E+00
  2382.00 0.000E+00 0.000E+00 0.000E+00 0.000E+00
  2380.00 0.000E+00 0.000E+00 0.000E+00 0.000E+00
  2378.00 0.000E+00 0.000E+00 0.000E+00 0.000E+00
  2376.00 0.000E+00 0.000E+00 0.000E+00 0.000E+00
  2374.00 0.000E+00 0.000E+00 0.000E+00 0.000E+00
  2372.00 0.000E+00 0.000E+00 0.000E+00 0.000E+00
  2370.00 0.000E+00 0.000E+00 0.000E+00 0.000E+00
  2368.00 0.000E+00 0.000E+00 0.000E+00 0.000E+00
  2366.00 0.000E+00 0.000E+00 0.000E+00 0.000E+00
  2364.00 0.000E+00 0.000E+00 0.000E+00 0.000E+00
  2362.00 0.000E+00 0.000E+00 0.000E+00 0.000E+00
  2360.00 0.000E+00 0.000E+00 0.000E+00 0.000E+00
  2358.00 0.000E+00 0.000E+00 0.000E+00 0.000E+00
  2356.00 0.000E+00 0.000E+00 0.000E+00 0.000E+00
  2354.00 0.000E+00 0.000E+00 0.000E+00 0.000E+00
  2352.00 0.000E+00 0.000E+00 0.000E+00 0.000E+00
  2350.00 0.000E+00 0.000E+00 0.000E+00 0.000E+00
  2348.00 0.000E+00 0.000E+00 0.000E+00 0.000E+00
  2346.00 0.000E+00 0.000E+00 0.000E+00 0.000E+00
  2344.00 0.000E+00 0.000E+00 0.000E+00 0.000E+00
  2342.00 0.000E+00 0.000E+00 0.000E+00 0.000E+00
  2340.00 0.000E+00 0.000E+00 0.000E+00 0.000E+00
  2338.00 0.000E+00 0.000E+00 0.000E+00 0.000E+00
  2336.00 0.000E+00 0.000E+00 0.000E+00 0.000E+00
  2334.00 0.000E+00 0.000E+00 0.000E+00 0.000E+00
  2332.00 0.000E+00 0.000E+00 0.000E+00 0.000E+00
  2330.00 0.000E+00 0.000E+00 0.000E+00 0.000E+00
  2328.00 0.000E+00 0.000E+00 0.000E+00 0.000E+00
  2326.00 0.000E+00 0.000E+00 0.000E+00 0.000E+00
  2324.00 0.000E+00 0.000E+00 0.000E+00 0.000E+00
  2322.00 0.000E+00 0.000E+00 0.000E+00 0.000E+00
  2320.00 0.000E+00 0.000E+00 0.000E+00 0.000E+00
  2318.00 0.000E+00 0.000E+00 0.000E+00 0.000E+00
  2316.00 0.000E+00 0.000E+00 0.000E+00 0.000E+00
  2314.00 0.000E+00 0.000E+00 0.000E+00 0.000E+00
  2312.00 0.000E+00 0.000E+00 0.000E+00 0.000E+00
  2310.00 0.000E+00 0.000E+00 0.000E+00 0.000E+00
  2308.00 0.000E+00 0.000E+00 0.000E+00 0.000E+00
  2306.00 0.000E+00 0.000E+00 0.000E+00 0.000E+00
  2304.00 0.000E+00 0.000E+00 0.000E+00 0.000E+00
  2302.00 0.000E+00 0.000E+00 0.000E+00 0.000E+00
  2300.00 0.000E+00 0.000E+00 0.000E+00 0.000E+00
  2298.00 0.000E+00 0.000E+00 0.000E+00 0.000E+00
  2296.00 0.000E+00 0.000E+00 0.000E+00 0.000E+00
  2294.00 0.000E+00 0.000E+00 0.000E+00 0.000E+00
  2292.00 0.000E+00 0.000E+00 0.000E+00 0.000E+00
  2290.00 0.000E+00 0.000E+00 0.000E+00 0.000E+00
  2288.00 0.000E+00 0.000E+00 0.000E+00 0.000E+00
  2286.00 0.000E+00 0.000E+00 0.000E+00 0.000E+00
  2284.00 0.000E+00 0.000E+00 0.000E+00 0.000E+00
  2282.00 0.000E+00 0.000E+00 0.000E+00 0.000E+00
  2280.00 0.000E+00 0.000E+00 0.000E+00 0.000E+00
  2278.00 0.000E+00 0.000E+00 0.000E+00 0.000E+00
  2276.00 0.000E+00 0.000E+00 0.000E+00 0.000E+00
  2274.00 0.000E+00 0.000E+00 0.000E+00 0.000E+00
  2272.00 0.000E+00 0.000E+00 0.000E+00 0.000E+00
  2270.00 0.000E+00 0.000E+00 0.000E+00 0.000E+00
  2268.00 0.000E+00 0.000E+00 0.000E+00 0.000E+00
  2266.00 0.000E+00 0.000E+00 0.000E+00 0.000E+00
  2264.00 0.000E+00 0.000E+00 0.000E+00 0.000E+00
  2262.00 0.000E+00 0.000E+00 0.000E+00 0.000E+00
  2260.00 0.000E+00 0.000E+00 0.000E+00 0.000E+00
  2258.00 0.000E+00 0.000E+00 0.000E+00 0.000E+00
  2256.00 0.000E+00 0.000E+00 0.000E+00 0.000E+00
  2254.00 0.000E+00 0.000E+00 0.000E+00 0.000E+00
  2252.00 4.589E-07 4.589E-07 4.589E-07 2.430E-07
  2250.00 0.000E+00 0.000E+00 0.000E+00 0.000E+00
  2248.00 0.000E+00 0.000E+00 0.000E+00 0.000E+00
  2246.00 0.000E+00 0.000E+00 0.000E+00 0.000E+00
  2244.00 0.000E+00 0.000E+00 0.000E+00 0.000E+00
  2242.00 0.000E+00 0.000E+00 0.000E+00 0.000E+00
  2240.00 0.000E+00 0.000E+00 0.000E+00 0.000E+00
  2238.00 0.000E+00 0.000E+00 0.000E+00 0.000E+00
  2236.00 0.000E+00 0.000E+00 0.000E+00 0.000E+00
  2234.00 0.000E+00 0.000E+00 0.000E+00 0.000E+00
  2232.00 0.000E+00 0.000E+00 0.000E+00 0.000E+00
  2230.00 0.000E+00 0.000E+00 0.000E+00 0.000E+00
  2228.00 0.000E+00 0.000E+00 0.000E+00 0.000E+00
  2226.00 0.000E+00 0.000E+00 0.000E+00 0.000E+00
  2224.00 0.000E+00 0.000E+00 0.000E+00 0.000E+00
  2222.00 0.000E+00 0.000E+00 0.000E+00 0.000E+00
  2220.00 0.000E+00 0.000E+00 0.000E+00 0.000E+00
  2218.00 0.000E+00 0.000E+00 0.000E+00 0.000E+00
  2216.00 0.000E+00 0.000E+00 0.000E+00 0.000E+00
  2214.00 0.000E+00 0.000E+00 0.000E+00 0.000E+00
  2212.00 0.000E+00 0.000E+00 0.000E+00 0.000E+00
  2210.00 0.000E+00 0.000E+00 0.000E+00 0.000E+00
  2208.00 0.000E+00 0.000E+00 0.000E+00 0.000E+00
  2206.00 0.000E+00 0.000E+00 0.000E+00 0.000E+00
  2204.00 0.000E+00 0.000E+00 0.000E+00 0.000E+00
  2202.00 0.000E+00 0.000E+00 0.000E+00 0.000E+00
  2200.00 0.000E+00 0.000E+00 0.000E+00 0.000E+00
  2198.00 0.000E+00 0.000E+00 0.000E+00 0.000E+00
  2196.00 0.000E+00 0.000E+00 0.000E+00 0.000E+00
  2194.00 0.000E+00 0.000E+00 0.000E+00 0.000E+00
  2192.00 0.000E+00 0.000E+00 0.000E+00 0.000E+00
  2190.00 0.000E+00 0.000E+00 0.000E+00 0.000E+00
  2188.00 0.000E+00 0.000E+00 0.000E+00 0.000E+00
  2186.00 0.000E+00 0.000E+00 0.000E+00 0.000E+00
  2184.00 0.000E+00 0.000E+00 0.000E+00 0.000E+00
  2182.00 0.000E+00 0.000E+00 0.000E+00 0.000E+00
  2180.00 0.000E+00 0.000E+00 0.000E+00 0.000E+00
  2178.00 0.000E+00 0.000E+00 0.000E+00 0.000E+00
  2176.00 0.000E+00 0.000E+00 0.000E+00 0.000E+00
  2174.00 0.000E+00 0.000E+00 0.000E+00 0.000E+00
  2172.00 0.000E+00 0.000E+00 0.000E+00 0.000E+00
  2170.00 0.000E+00 0.000E+00 0.000E+00 0.000E+00
  2168.00 0.000E+00 0.000E+00 0.000E+00 0.000E+00
  2166.00 0.000E+00 0.000E+00 0.000E+00 0.000E+00
  2164.00 0.000E+00 0.000E+00 0.000E+00 0.000E+00
  2162.00 0.000E+00 0.000E+00 0.000E+00 0.000E+00
  2160.00 0.000E+00 0.000E+00 0.000E+00 0.000E+00
  2158.00 6.290E-07 6.290E-07 6.290E-07 3.331E-07
  2156.00 0.000E+00 0.000E+00 0.000E+00 0.000E+00
  2154.00 0.000E+00 0.000E+00 0.000E+00 0.000E+00
  2152.00 0.000E+00 0.000E+00 0.000E+00 0.000E+00
  2150.00 0.000E+00 0.000E+00 0.000E+00 0.000E+00
  2148.00 0.000E+00 0.000E+00 0.000E+00 0.000E+00
  2146.00 0.000E+00 0.000E+00 0.000E+00 0.000E+00
  2144.00 0.000E+00 0.000E+00 0.000E+00 0.000E+00
  2142.00 0.000E+00 0.000E+00 0.000E+00 0.000E+00
  2140.00 0.000E+00 0.000E+00 0.000E+00 0.000E+00
  2138.00 0.000E+00 0.000E+00 0.000E+00 0.000E+00
  2136.00 0.000E+00 0.000E+00 0.000E+00 0.000E+00
  2134.00 0.000E+00 0.000E+00 0.000E+00 0.000E+00
  2132.00 0.000E+00 0.000E+00 0.000E+00 0.000E+00
  2130.00 0.000E+00 0.000E+00 0.000E+00 0.000E+00
  2128.00 0.000E+00 0.000E+00 0.000E+00 0.000E+00
  2126.00 0.000E+00 0.000E+00 0.000E+00 0.000E+00
  2124.00 0.000E+00 0.000E+00 0.000E+00 0.000E+00
  2122.00 0.000E+00 0.000E+00 0.000E+00 0.000E+00
  2120.00 0.000E+00 0.000E+00 0.000E+00 0.000E+00
  2118.00 0.000E+00 0.000E+00 0.000E+00 0.000E+00
  2116.00 0.000E+00 0.000E+00 0.000E+00 0.000E+00
  2114.00 0.000E+00 0.000E+00 0.000E+00 0.000E+00
  2112.00 0.000E+00 0.000E+00 0.000E+00 0.000E+00
  2110.00 0.000E+00 0.000E+00 0.000E+00 0.000E+00
  2108.00 0.000E+00 0.000E+00 0.000E+00 0.000E+00
  2106.00 0.000E+00 0.000E+00 0.000E+00 0.000E+00
  2104.00 0.000E+00 0.000E+00 0.000E+00 0.000E+00
  2102.00 0.000E+00 0.000E+00 0.000E+00 0.000E+00
  2100.00 0.000E+00 0.000E+00 0.000E+00 0.000E+00
  2098.00 0.000E+00 0.000E+00 0.000E+00 0.000E+00
  2096.00 0.000E+00 0.000E+00 0.000E+00 0.000E+00
  2094.00 0.000E+00 0.000E+00 0.000E+00 0.000E+00
  2092.00 0.000E+00 0.000E+00 0.000E+00 0.000E+00
  2090.00 0.000E+00 0.000E+00 0.000E+00 0.000E+00
  2088.00 0.000E+00 0.000E+00 0.000E+00 0.000E+00
  2086.00 0.000E+00 0.000E+00 0.000E+00 0.000E+00
  2084.00 0.000E+00 0.000E+00 0.000E+00 0.000E+00
  2082.00 0.000E+00 0.000E+00 0.000E+00 0.000E+00
  2080.00 0.000E+00 0.000E+00 0.000E+00 0.000E+00
  2078.00 6.290E-07 6.290E-07 6.290E-07 3.331E-07
  2076.00 0.000E+00 0.000E+00 0.000E+00 0.000E+00
  2074.00 0.000E+00 0.000E+00 0.000E+00 0.000E+00
  2072.00 0.000E+00 0.000E+00 0.000E+00 0.000E+00
  2070.00 0.000E+00 0.000E+00 0.000E+00 0.000E+00
  2068.00 0.000E+00 0.000E+00 0.000E+00 0.000E+00
  2066.00 0.000E+00 0.000E+00 0.000E+00 0.000E+00
  2064.00 0.000E+00 0.000E+00 0.000E+00 0.000E+00
  2062.00 0.000E+00 0.000E+00 0.000E+00 0.000E+00
  2060.00 0.000E+00 0.000E+00 0.000E+00 0.000E+00
  2058.00 0.000E+00 0.000E+00 0.000E+00 0.000E+00
  2056.00 0.000E+00 0.000E+00 0.000E+00 0.000E+00
  2054.00 0.000E+00 0.000E+00 0.000E+00 0.000E+00
  2052.00 0.000E+00 0.000E+00 0.000E+00 0.000E+00
  2050.00 0.000E+00 0.000E+00 0.000E+00 0.000E+00
  2048.00 0.000E+00 0.000E+00 0.000E+00 0.000E+00
  2046.00 0.000E+00 0.000E+00 0.000E+00 0.000E+00
  2044.00 0.000E+00 0.000E+00 0.000E+00 0.000E+00
  2042.00 0.000E+00 0.000E+00 0.000E+00 0.000E+00
  2040.00 0.000E+00 0.000E+00 0.000E+00 0.000E+00
  2038.00 0.000E+00 0.000E+00 0.000E+00 0.000E+00
  2036.00 0.000E+00 0.000E+00 0.000E+00 0.000E+00
  2034.00 0.000E+00 0.000E+00 0.000E+00 0.000E+00
  2032.00 0.000E+00 0.000E+00 0.000E+00 0.000E+00
  2030.00 0.000E+00 0.000E+00 0.000E+00 0.000E+00
  2028.00 0.000E+00 0.000E+00 0.000E+00 0.000E+00
  2026.00 0.000E+00 0.000E+00 0.000E+00 0.000E+00
  2024.00 0.000E+00 0.000E+00 0.000E+00 0.000E+00
  2022.00 0.000E+00 0.000E+00 0.000E+00 0.000E+00
  2020.00 0.000E+00 0.000E+00 0.000E+00 0.000E+00
  2018.00 0.000E+00 0.000E+00 0.000E+00 0.000E+00
  2016.00 0.000E+00 0.000E+00 0.000E+00 0.000E+00
  2014.00 0.000E+00 0.000E+00 0.000E+00 0.000E+00
  2012.00 0.000E+00 0.000E+00 0.000E+00 0.000E+00
  2010.00 0.000E+00 0.000E+00 0.000E+00 0.000E+00
  2008.00 0.000E+00 0.000E+00 0.000E+00 0.000E+00
  2006.00 6.290E-07 6.290E-07 6.290E-07 3.331E-07
  2004.00 0.000E+00 0.000E+00 0.000E+00 0.000E+00
  2002.00 0.000E+00 0.000E+00 0.000E+00 0.000E+00
  2000.00 0.000E+00 0.000E+00 0.000E+00 0.000E+00
  1998.00 0.000E+00 0.000E+00 0.000E+00 0.000E+00
  1996.00 0.000E+00 0.000E+00 0.000E+00 0.000E+00
  1994.00 0.000E+00 0.000E+00 0.000E+00 0.000E+00
  1992.00 0.000E+00 0.000E+00 0.000E+00 0.000E+00
  1990.00 0.000E+00 0.000E+00 0.000E+00 0.000E+00
  1988.00 0.000E+00 0.000E+00 0.000E+00 0.000E+00
  1986.00 0.000E+00 0.000E+00 0.000E+00 0.000E+00
  1984.00 0.000E+00 0.000E+00 0.000E+00 0.000E+00
  1982.00 0.000E+00 0.000E+00 0.000E+00 0.000E+00
  1980.00 0.000E+00 0.000E+00 0.000E+00 0.000E+00
  1978.00 0.000E+00 0.000E+00 0.000E+00 0.000E+00
  1976.00 0.000E+00 0.000E+00 0.000E+00 0.000E+00
  1974.00 0.000E+00 0.000E+00 0.000E+00 0.000E+00
  1972.00 0.000E+00 0.000E+00 0.000E+00 0.000E+00
  1970.00 0.000E+00 0.000E+00 0.000E+00 0.000E+00
  1968.00 0.000E+00 0.000E+00 0.000E+00 0.000E+00
  1966.00 0.000E+00 0.000E+00 0.000E+00 0.000E+00
  1964.00 0.000E+00 0.000E+00 0.000E+00 0.000E+00
  1962.00 0.000E+00 0.000E+00 0.000E+00 0.000E+00
  1960.00 0.000E+00 0.000E+00 0.000E+00 0.000E+00
  1958.00 0.000E+00 0.000E+00 0.000E+00 0.000E+00
  1956.00 0.000E+00 0.000E+00 0.000E+00 0.000E+00
  1954.00 6.290E-07 6.290E-07 6.290E-07 3.331E-07
  1952.00 0.000E+00 0.000E+00 0.000E+00 0.000E+00
  1950.00 0.000E+00 0.000E+00 0.000E+00 0.000E+00
  1948.00 0.000E+00 0.000E+00 0.000E+00 0.000E+00
  1946.00 0.000E+00 0.000E+00 0.000E+00 0.000E+00
  1944.00 0.000E+00 0.000E+00 0.000E+00 0.000E+00
  1942.00 0.000E+00 0.000E+00 0.000E+00 0.000E+00
  1940.00 0.000E+00 0.000E+00 0.000E+00 0.000E+00
  1938.00 0.000E+00 0.000E+00 0.000E+00 0.000E+00
  1936.00 0.000E+00 0.000E+00 0.000E+00 0.000E+00
  1934.00 0.000E+00 0.000E+00 0.000E+00 0.000E+00
  1932.00 0.000E+00 0.000E+00 0.000E+00 0.000E+00
  1930.00 0.000E+00 0.000E+00 0.000E+00 0.000E+00
  1928.00 0.000E+00 0.000E+00 0.000E+00 0.000E+00
  1926.00 0.000E+00 0.000E+00 0.000E+00 0.000E+00
  1924.00 3.867E-07 3.867E-07 3.867E-07 2.048E-07
  1922.00 0.000E+00 0.000E+00 0.000E+00 0.000E+00
  1920.00 0.000E+00 0.000E+00 0.000E+00 0.000E+00
  1918.00 0.000E+00 0.000E+00 0.000E+00 0.000E+00
  1916.00 0.000E+00 0.000E+00 0.000E+00 0.000E+00
  1914.00 0.000E+00 0.000E+00 0.000E+00 0.000E+00
  1912.00 0.000E+00 0.000E+00 0.000E+00 0.000E+00
  1910.00 6.290E-07 6.290E-07 6.290E-07 3.331E-07
  1908.00 0.000E+00 0.000E+00 0.000E+00 0.000E+00
  1906.00 0.000E+00 0.000E+00 0.000E+00 0.000E+00
  1904.00 0.000E+00 0.000E+00 0.000E+00 0.000E+00
  1902.00 0.000E+00 0.000E+00 0.000E+00 0.000E+00
  1900.00 0.000E+00 0.000E+00 0.000E+00 0.000E+00
  1898.00 0.000E+00 0.000E+00 0.000E+00 0.000E+00
  1896.00 0.000E+00 0.000E+00 0.000E+00 0.000E+00
  1894.00 0.000E+00 0.000E+00 0.000E+00 0.000E+00
  1892.00 0.000E+00 0.000E+00 0.000E+00 0.000E+00
  1890.00 1.619E-07 1.619E-07 1.619E-07 8.572E-08
  1888.00 6.290E-07 6.290E-07 6.290E-07 3.331E-07
  1886.00 0.000E+00 0.000E+00 0.000E+00 0.000E+00
  1884.00 0.000E+00 0.000E+00 0.000E+00 0.000E+00
  1882.00 0.000E+00 0.000E+00 0.000E+00 0.000E+00
  1880.00 0.000E+00 0.000E+00 0.000E+00 0.000E+00
  1878.00 0.000E+00 0.000E+00 0.000E+00 0.000E+00
  1876.00 0.000E+00 0.000E+00 0.000E+00 0.000E+00
  1874.00 0.000E+00 0.000E+00 0.000E+00 0.000E+00
  1872.00 0.000E+00 0.000E+00 0.000E+00 0.000E+00
  1870.00 0.000E+00 0.000E+00 0.000E+00 0.000E+00
  1868.00 0.000E+00 0.000E+00 0.000E+00 0.000E+00
  1866.00 3.867E-07 3.867E-07 3.867E-07 2.048E-07
  1864.00 0.000E+00 0.000E+00 0.000E+00 0.000E+00
  1862.00 0.000E+00 0.000E+00 0.000E+00 0.000E+00
  1860.00 0.000E+00 0.000E+00 0.000E+00 0.000E+00
  1858.00 0.000E+00 0.000E+00 0.000E+00 0.000E+00
  1856.00 0.000E+00 0.000E+00 0.000E+00 0.000E+00
  1854.00 0.000E+00 0.000E+00 0.000E+00 0.000E+00
  1852.00 4.589E-07 4.589E-07 4.589E-07 2.430E-07
  1850.00 0.000E+00 0.000E+00 0.000E+00 0.000E+00
  1848.00 0.000E+00 0.000E+00 0.000E+00 0.000E+00
  1846.00 0.000E+00 0.000E+00 0.000E+00 0.000E+00
  1844.00 0.000E+00 0.000E+00 0.000E+00 0.000E+00
  1842.00 0.000E+00 0.000E+00 0.000E+00 0.000E+00
  1840.00 0.000E+00 0.000E+00 0.000E+00 0.000E+00
  1838.00 0.000E+00 0.000E+00 0.000E+00 0.000E+00
  1836.00 0.000E+00 0.000E+00 0.000E+00 0.000E+00
  1834.00 0.000E+00 0.000E+00 0.000E+00 0.000E+00
  1832.00 0.000E+00 0.000E+00 0.000E+00 0.000E+00
  1830.00 0.000E+00 0.000E+00 0.000E+00 0.000E+00
  1828.00 0.000E+00 0.000E+00 0.000E+00 0.000E+00
  1826.00 0.000E+00 0.000E+00 0.000E+00 0.000E+00
  1824.00 0.000E+00 0.000E+00 0.000E+00 0.000E+00
  1822.00 0.000E+00 0.000E+00 0.000E+00 0.000E+00
  1820.00 0.000E+00 0.000E+00 0.000E+00 0.000E+00
  1818.00 0.000E+00 0.000E+00 0.000E+00 0.000E+00
  1816.00 0.000E+00 0.000E+00 0.000E+00 0.000E+00
  1814.00 0.000E+00 0.000E+00 0.000E+00 0.000E+00
  1812.00 0.000E+00 0.000E+00 0.000E+00 0.000E+00
  1810.00 0.000E+00 0.000E+00 0.000E+00 0.000E+00
  1808.00 0.000E+00 0.000E+00 0.000E+00 0.000E+00
  1806.00 5.620E-07 5.620E-07 5.620E-07 2.976E-07
  1804.00 4.589E-07 4.589E-07 4.589E-07 2.430E-07
  1802.00 0.000E+00 0.000E+00 0.000E+00 0.000E+00
  1800.00 0.000E+00 0.000E+00 0.000E+00 0.000E+00
  1798.00 4.589E-07 4.589E-07 4.589E-07 2.430E-07
  1796.00 0.000E+00 0.000E+00 0.000E+00 0.000E+00
  1794.00 0.000E+00 0.000E+00 0.000E+00 0.000E+00
  1792.00 0.000E+00 0.000E+00 0.000E+00 0.000E+00
  1790.00 0.000E+00 0.000E+00 0.000E+00 0.000E+00
  1788.00 0.000E+00 0.000E+00 0.000E+00 0.000E+00
  1786.00 0.000E+00 0.000E+00 0.000E+00 0.000E+00
  1784.00 7.115E-07 7.115E-07 7.115E-07 3.767E-07
  1782.00 8.971E-07 8.971E-07 8.971E-07 4.750E-07
  1780.00 5.620E-07 5.620E-07 5.620E-07 2.976E-07
  1778.00 0.000E+00 0.000E+00 0.000E+00 0.000E+00
  1776.00 0.000E+00 0.000E+00 0.000E+00 0.000E+00
  1774.00 0.000E+00 0.000E+00 0.000E+00 0.000E+00
  1772.00 0.000E+00 0.000E+00 0.000E+00 0.000E+00
  1770.00 0.000E+00 0.000E+00 0.000E+00 0.000E+00
  1768.00 0.000E+00 0.000E+00 0.000E+00 0.000E+00
  1766.00 0.000E+00 0.000E+00 0.000E+00 0.000E+00
  1764.00 7.115E-07 7.115E-07 7.115E-07 3.767E-07
  1762.00 0.000E+00 0.000E+00 0.000E+00 0.000E+00
  1760.00 0.000E+00 0.000E+00 0.000E+00 0.000E+00
  1758.00 7.064E-07 7.064E-07 7.064E-07 3.740E-07
  1756.00 0.000E+00 0.000E+00 0.000E+00 0.000E+00
  1754.00 6.290E-07 6.290E-07 6.290E-07 3.331E-07
  1752.00 0.000E+00 0.000E+00 0.000E+00 0.000E+00
  1750.00 1.619E-07 1.619E-07 1.619E-07 8.572E-08
  1748.00 5.620E-07 5.620E-07 5.620E-07 2.976E-07
  1746.00 1.114E-06 1.114E-06 1.114E-06 5.897E-07
  1744.00 0.000E+00 0.000E+00 0.000E+00 0.000E+00
  1742.00 0.000E+00 0.000E+00 0.000E+00 0.000E+00
  1740.00 0.000E+00 0.000E+00 0.000E+00 0.000E+00
  1738.00 0.000E+00 0.000E+00 0.000E+00 0.000E+00
  1736.00 0.000E+00 0.000E+00 0.000E+00 0.000E+00
  1734.00 0.000E+00 0.000E+00 0.000E+00 0.000E+00
  1732.00 0.000E+00 0.000E+00 0.000E+00 0.000E+00
  1730.00 0.000E+00 0.000E+00 0.000E+00 0.000E+00
  1728.00 7.914E-07 7.914E-07 7.914E-07 4.191E-07
  1726.00 7.115E-07 7.115E-07 7.115E-07 3.767E-07
  1724.00 7.064E-07 7.064E-07 7.064E-07 3.740E-07
  1722.00 0.000E+00 0.000E+00 0.000E+00 0.000E+00
  1720.00 1.650E-06 1.650E-06 1.650E-06 8.736E-07
  1718.00 8.971E-07 8.971E-07 8.971E-07 4.750E-07
  1716.00 0.000E+00 0.000E+00 0.000E+00 0.000E+00
  1714.00 3.248E-07 3.248E-07 3.248E-07 1.720E-07
  1712.00 0.000E+00 0.000E+00 0.000E+00 0.000E+00
  1710.00 0.000E+00 0.000E+00 0.000E+00 0.000E+00
  1708.00 0.000E+00 0.000E+00 0.000E+00 0.000E+00
  1706.00 1.431E-06 1.431E-06 1.431E-06 7.576E-07
  1704.00 6.187E-07 6.187E-07 6.187E-07 3.276E-07
  1702.00 5.491E-07 5.491E-07 5.491E-07 2.907E-07
  1700.00 3.867E-07 3.867E-07 3.867E-07 2.048E-07
  1698.00 8.971E-07 8.971E-07 8.971E-07 4.750E-07
  1696.00 4.589E-07 4.589E-07 4.589E-07 2.430E-07
  1694.00 0.000E+00 0.000E+00 0.000E+00 0.000E+00
  1692.00 1.619E-07 1.619E-07 1.619E-07 8.572E-08
  1690.00 0.000E+00 0.000E+00 0.000E+00 0.000E+00
  1688.00 1.817E-06 1.817E-06 1.817E-06 9.623E-07
  1686.00 3.867E-07 3.867E-07 3.867E-07 2.048E-07
  1684.00 1.170E-06 1.170E-06 1.170E-06 6.197E-07
  1682.00 1.650E-06 1.650E-06 1.650E-06 8.736E-07
  1680.00 3.867E-07 3.867E-07 3.867E-07 2.048E-07
  1678.00 0.000E+00 0.000E+00 0.000E+00 0.000E+00
  1676.00 0.000E+00 0.000E+00 0.000E+00 0.000E+00
  1674.00 1.018E-06 1.018E-06 1.018E-06 5.392E-07
  1672.00 7.064E-07 7.064E-07 7.064E-07 3.740E-07
  1670.00 8.456E-07 8.456E-07 8.456E-07 4.477E-07
  1668.00 0.000E+00 0.000E+00 0.000E+00 0.000E+00
  1666.00 4.589E-07 4.589E-07 4.589E-07 2.430E-07
  1664.00 5.620E-07 5.620E-07 5.620E-07 2.976E-07
  1662.00 1.544E-06 1.544E-06 1.544E-06 8.176E-07
  1660.00 0.000E+00 0.000E+00 0.000E+00 0.000E+00
  1658.00 1.163E-06 1.163E-06 1.163E-06 6.156E-07
  1656.00 1.341E-06 1.341E-06 1.341E-06 7.098E-07
  1654.00 1.619E-07 1.619E-07 1.619E-07 8.572E-08
  1652.00 0.000E+00 0.000E+00 0.000E+00 0.000E+00
  1650.00 2.013E-06 2.013E-06 2.013E-06 1.066E-06
  1648.00 1.408E-06 1.408E-06 1.408E-06 7.453E-07
  1646.00 1.274E-06 1.274E-06 1.274E-06 6.743E-07
  1644.00 7.115E-07 7.115E-07 7.115E-07 3.767E-07
  1642.00 0.000E+00 0.000E+00 0.000E+00 0.000E+00
  1640.00 7.244E-07 7.244E-07 7.244E-07 3.836E-07
  1638.00 2.398E-06 2.398E-06 2.398E-06 1.269E-06
  1636.00 1.191E-06 1.191E-06 1.191E-06 6.306E-07
  1634.00 0.000E+00 0.000E+00 0.000E+00 0.000E+00
  1632.00 8.714E-07 8.714E-07 8.714E-07 4.614E-07
  1630.00 0.000E+00 0.000E+00 0.000E+00 0.000E+00
  1628.00 2.810E-06 2.810E-06 2.810E-06 1.488E-06
  1626.00 1.567E-06 1.567E-06 1.567E-06 8.299E-07
  1624.00 0.000E+00 0.000E+00 0.000E+00 0.000E+00
  1622.00 1.619E-07 1.619E-07 1.619E-07 8.572E-08
  1620.00 1.743E-06 1.743E-06 1.743E-06 9.227E-07
  1618.00 1.619E-07 1.619E-07 1.619E-07 8.572E-08
  1616.00 2.480E-06 2.480E-06 2.480E-06 1.313E-06
  1614.00 1.722E-06 1.722E-06 1.722E-06 9.118E-07
  1612.00 4.460E-06 4.460E-06 4.460E-06 2.361E-06
  1610.00 4.125E-06 4.125E-06 4.125E-06 2.184E-06
  1608.00 1.005E-06 1.005E-06 1.005E-06 5.324E-07
  1606.00 7.244E-07 7.244E-07 7.244E-07 3.836E-07
  1604.00 1.286E-06 1.286E-06 1.286E-06 6.811E-07
  1602.00 1.591E-06 1.591E-06 1.591E-06 8.422E-07
  1600.00 2.369E-06 2.369E-06 2.369E-06 1.254E-06
  1598.00 1.186E-06 1.186E-06 1.186E-06 6.279E-07
  1596.00 2.758E-06 2.758E-06 2.758E-06 1.461E-06
  1594.00 2.604E-06 2.604E-06 2.604E-06 1.379E-06
  1592.00 1.619E-07 1.619E-07 1.619E-07 8.572E-08
  1590.00 1.078E-06 1.078E-06 1.078E-06 5.706E-07
  1588.00 1.552E-06 1.552E-06 1.552E-06 8.217E-07
  1586.00 1.676E-06 1.676E-06 1.676E-06 8.873E-07
  1584.00 1.730E-06 1.730E-06 1.730E-06 9.159E-07
  1582.00 1.395E-06 1.395E-06 1.395E-06 7.385E-07
  1580.00 3.300E-06 3.300E-06 3.300E-06 1.747E-06
  1578.00 1.191E-06 1.191E-06 1.191E-06 6.306E-07
  1576.00 1.191E-06 1.191E-06 1.191E-06 6.306E-07
  1574.00 3.119E-06 3.119E-06 3.119E-06 1.652E-06
  1572.00 2.887E-06 2.887E-06 2.887E-06 1.529E-06
  1570.00 1.250E-06 1.250E-06 1.250E-06 6.620E-07
  1568.00 2.887E-06 2.887E-06 2.887E-06 1.529E-06
  1566.00 1.395E-06 1.395E-06 1.395E-06 7.385E-07
  1564.00 3.815E-06 3.815E-06 3.815E-06 2.020E-06
  1562.00 1.650E-06 1.650E-06 1.650E-06 8.736E-07
  1560.00 1.534E-06 1.534E-06 1.534E-06 8.122E-07
  1558.00 2.189E-06 2.189E-06 2.189E-06 1.159E-06
  1556.00 1.908E-06 1.908E-06 1.908E-06 1.010E-06
  1554.00 3.738E-06 3.738E-06 3.738E-06 1.979E-06
  1552.00 3.687E-06 3.687E-06 3.687E-06 1.952E-06
  1550.00 1.325E-06 1.325E-06 1.325E-06 7.016E-07
  1548.00 4.821E-06 4.821E-06 4.821E-06 2.553E-06
  1546.00 3.919E-06 3.919E-06 3.919E-06 2.075E-06
  1544.00 1.740E-06 1.740E-06 1.740E-06 9.214E-07
  1542.00 2.361E-06 2.361E-06 2.361E-06 1.250E-06
  1540.00 1.088E-06 1.088E-06 1.088E-06 5.760E-07
  1538.00 3.429E-06 3.429E-06 3.429E-06 1.815E-06
  1536.00 2.913E-06 2.913E-06 2.913E-06 1.542E-06
  1534.00 2.276E-06 2.276E-06 2.276E-06 1.205E-06
  1532.00 3.480E-06 3.480E-06 3.480E-06 1.843E-06
  1530.00 4.279E-06 4.279E-06 4.279E-06 2.266E-06
  1528.00 3.532E-06 3.532E-06 3.532E-06 1.870E-06
  1526.00 2.604E-06 2.604E-06 2.604E-06 1.379E-06
  1524.00 4.640E-06 4.640E-06 4.640E-06 2.457E-06
  1522.00 7.734E-07 7.734E-07 7.734E-07 4.095E-07
  1520.00 9.487E-07 9.487E-07 9.487E-07 5.023E-07
  1518.00 3.583E-06 3.583E-06 3.583E-06 1.897E-06
  1516.00 5.672E-06 5.672E-06 5.672E-06 3.003E-06
  1514.00 7.554E-06 7.554E-06 7.554E-06 3.999E-06
  1512.00 3.042E-06 3.042E-06 3.042E-06 1.611E-06
  1510.00 6.187E-07 6.187E-07 6.187E-07 3.276E-07
  1508.00 3.661E-06 3.661E-06 3.661E-06 1.938E-06
  1506.00 5.259E-06 5.259E-06 5.259E-06 2.785E-06
  1504.00 2.361E-06 2.361E-06 2.361E-06 1.250E-06
  1502.00 3.790E-06 3.790E-06 3.790E-06 2.007E-06
  1500.00 5.001E-06 5.001E-06 5.001E-06 2.648E-06
  1498.00 5.285E-06 5.285E-06 5.285E-06 2.798E-06
  1496.00 4.898E-06 4.898E-06 4.898E-06 2.594E-06
  1494.00 2.449E-06 2.449E-06 2.449E-06 1.297E-06
  1492.00 4.408E-06 4.408E-06 4.408E-06 2.334E-06
  1490.00 2.452E-06 2.452E-06 2.452E-06 1.298E-06
  1488.00 6.625E-06 6.625E-06 6.625E-06 3.508E-06
  1486.00 8.946E-06 8.946E-06 8.946E-06 4.737E-06
  1484.00 3.403E-06 3.403E-06 3.403E-06 1.802E-06
  1482.00 5.104E-06 5.104E-06 5.104E-06 2.703E-06
  1480.00 1.034E-05 1.034E-05 1.034E-05 5.474E-06
  1478.00 4.073E-06 4.073E-06 4.073E-06 2.157E-06
  1476.00 5.904E-06 5.904E-06 5.904E-06 3.126E-06
  1474.00 5.182E-06 5.182E-06 5.182E-06 2.744E-06
  1472.00 1.026E-05 1.026E-05 1.026E-05 5.433E-06
  1470.00 6.703E-06 6.703E-06 6.703E-06 3.549E-06
  1468.00 4.408E-06 4.408E-06 4.408E-06 2.334E-06
  1466.00 5.672E-06 5.672E-06 5.672E-06 3.003E-06
  1464.00 1.065E-05 1.065E-05 1.065E-05 5.637E-06
  1462.00 7.579E-06 7.579E-06 7.579E-06 4.013E-06
  1460.00 9.539E-06 9.539E-06 9.539E-06 5.051E-06
  1458.00 1.268E-05 1.268E-05 1.268E-05 6.716E-06
  1456.00 8.404E-06 8.404E-06 8.404E-06 4.450E-06
  1454.00 5.904E-06 5.904E-06 5.904E-06 3.126E-06
  1452.00 1.049E-05 1.049E-05 1.049E-05 5.556E-06
  1450.00 8.353E-06 8.353E-06 8.353E-06 4.423E-06
  1448.00 9.848E-06 9.848E-06 9.848E-06 5.214E-06
  1446.00 1.276E-05 1.276E-05 1.276E-05 6.757E-06
  1444.00 1.088E-05 1.088E-05 1.088E-05 5.760E-06
  1442.00 1.271E-05 1.271E-05 1.271E-05 6.729E-06
  1440.00 7.167E-06 7.167E-06 7.167E-06 3.795E-06
  1438.00 1.013E-05 1.013E-05 1.013E-05 5.364E-06
  1436.00 8.817E-06 8.817E-06 8.817E-06 4.668E-06
  1434.00 7.708E-06 7.708E-06 7.708E-06 4.081E-06
  1432.00 1.088E-05 1.088E-05 1.088E-05 5.760E-06
  1430.00 1.178E-05 1.178E-05 1.178E-05 6.238E-06
  1428.00 1.619E-05 1.619E-05 1.619E-05 8.572E-06
  1426.00 8.868E-06 8.868E-06 8.868E-06 4.696E-06
  1424.00 7.167E-06 7.167E-06 7.167E-06 3.795E-06
  1422.00 1.384E-05 1.384E-05 1.384E-05 7.330E-06
  1420.00 8.688E-06 8.688E-06 8.688E-06 4.600E-06
  1418.00 1.640E-05 1.640E-05 1.640E-05 8.681E-06
  1416.00 1.446E-05 1.446E-05 1.446E-05 7.658E-06
  1414.00 1.506E-05 1.506E-05 1.506E-05 7.972E-06
  1412.00 9.771E-06 9.771E-06 9.771E-06 5.173E-06
  1410.00 9.693E-06 9.693E-06 9.693E-06 5.132E-06
  1408.00 1.369E-05 1.369E-05 1.369E-05 7.248E-06
  1406.00 1.008E-05 1.008E-05 1.008E-05 5.337E-06
  1404.00 1.897E-05 1.897E-05 1.897E-05 1.005E-05
  1402.00 1.413E-05 1.413E-05 1.413E-05 7.480E-06
  1400.00 1.606E-05 1.606E-05 1.606E-05 8.504E-06
  1398.00 1.655E-05 1.655E-05 1.655E-05 8.763E-06
  1396.00 1.701E-05 1.701E-05 1.701E-05 9.009E-06
  1394.00 1.464E-05 1.464E-05 1.464E-05 7.753E-06
  1392.00 1.779E-05 1.779E-05 1.779E-05 9.418E-06
  1390.00 1.307E-05 1.307E-05 1.307E-05 6.921E-06
  1388.00 1.544E-05 1.544E-05 1.544E-05 8.176E-06
  1386.00 1.879E-05 1.879E-05 1.879E-05 9.951E-06
  1384.00 1.488E-05 1.488E-05 1.488E-05 7.876E-06
  1382.00 1.565E-05 1.565E-05 1.565E-05 8.286E-06
  1380.00 1.748E-05 1.748E-05 1.748E-05 9.255E-06
  1378.00 2.062E-05 2.062E-05 2.062E-05 1.092E-05
  1376.00 2.385E-05 2.385E-05 2.385E-05 1.263E-05
  1374.00 1.467E-05 1.467E-05 1.467E-05 7.767E-06
  1372.00 1.516E-05 1.516E-05 1.516E-05 8.026E-06
  1370.00 2.150E-05 2.150E-05 2.150E-05 1.138E-05
  1368.00 1.817E-05 1.817E-05 1.817E-05 9.623E-06
  1366.00 2.297E-05 2.297E-05 2.297E-05 1.216E-05
  1364.00 1.382E-05 1.382E-05 1.382E-05 7.316E-06
  1362.00 2.013E-05 2.013E-05 2.013E-05 1.066E-05
  1360.00 2.086E-05 2.086E-05 2.086E-05 1.104E-05
  1358.00 2.341E-05 2.341E-05 2.341E-05 1.239E-05
  1356.00 2.253E-05 2.253E-05 2.253E-05 1.193E-05
  1354.00 2.733E-05 2.733E-05 2.733E-05 1.447E-05
  1352.00 2.604E-05 2.604E-05 2.604E-05 1.379E-05
  1350.00 2.836E-05 2.836E-05 2.836E-05 1.502E-05
  1348.00 2.217E-05 2.217E-05 2.217E-05 1.174E-05
  1346.00 2.323E-05 2.323E-05 2.323E-05 1.230E-05
  1344.00 1.776E-05 1.776E-05 1.776E-05 9.405E-06
  1342.00 2.836E-05 2.836E-05 2.836E-05 1.502E-05
  1340.00 2.887E-05 2.887E-05 2.887E-05 1.529E-05
  1338.00 3.197E-05 3.197E-05 3.197E-05 1.693E-05
  1336.00 3.274E-05 3.274E-05 3.274E-05 1.734E-05
  1334.00 3.455E-05 3.455E-05 3.455E-05 1.829E-05
  1332.00 2.733E-05 2.733E-05 2.733E-05 1.447E-05
  1330.00 2.990E-05 2.990E-05 2.990E-05 1.583E-05
  1328.00 3.351E-05 3.351E-05 3.351E-05 1.775E-05
  1326.00 3.429E-05 3.429E-05 3.429E-05 1.815E-05
  1324.00 3.351E-05 3.351E-05 3.351E-05 1.775E-05
  1322.00 3.429E-05 3.429E-05 3.429E-05 1.815E-05
  1320.00 3.687E-05 3.687E-05 3.687E-05 1.952E-05
  1318.00 3.841E-05 3.841E-05 3.841E-05 2.034E-05
  1316.00 2.439E-05 2.439E-05 2.439E-05 1.291E-05
  1314.00 3.970E-05 3.970E-05 3.970E-05 2.102E-05
  1312.00 4.099E-05 4.099E-05 4.099E-05 2.170E-05
  1310.00 3.248E-05 3.248E-05 3.248E-05 1.720E-05
  1308.00 4.383E-05 4.383E-05 4.383E-05 2.321E-05
  1306.00 4.254E-05 4.254E-05 4.254E-05 2.252E-05
  1304.00 3.867E-05 3.867E-05 3.867E-05 2.047E-05
  1302.00 4.047E-05 4.047E-05 4.047E-05 2.143E-05
  1300.00 4.950E-05 4.950E-05 4.950E-05 2.621E-05
  1298.00 4.924E-05 4.924E-05 4.924E-05 2.607E-05
  1296.00 4.692E-05 4.692E-05 4.692E-05 2.484E-05
  1294.00 5.929E-05 5.929E-05 5.929E-05 3.140E-05
  1292.00 4.176E-05 4.176E-05 4.176E-05 2.211E-05
  1290.00 5.826E-05 5.826E-05 5.826E-05 3.085E-05
  1288.00 4.666E-05 4.666E-05 4.666E-05 2.471E-05
  1286.00 4.666E-05 4.666E-05 4.666E-05 2.471E-05
  1284.00 5.104E-05 5.104E-05 5.104E-05 2.703E-05
  1282.00 4.976E-05 4.976E-05 4.976E-05 2.634E-05
  1280.00 5.620E-05 5.620E-05 5.620E-05 2.976E-05
  1278.00 5.001E-05 5.001E-05 5.001E-05 2.648E-05
  1276.00 4.872E-05 4.872E-05 4.872E-05 2.580E-05
  1274.00 5.440E-05 5.440E-05 5.440E-05 2.880E-05
  1272.00 5.800E-05 5.800E-05 5.800E-05 3.071E-05
  1270.00 5.775E-05 5.775E-05 5.775E-05 3.058E-05
  1268.00 5.594E-05 5.594E-05 5.594E-05 2.962E-05
  1266.00 6.084E-05 6.084E-05 6.084E-05 3.221E-05
  1264.00 5.594E-05 5.594E-05 5.594E-05 2.962E-05
  1262.00 6.857E-05 6.857E-05 6.857E-05 3.631E-05
  1260.00 4.950E-05 4.950E-05 4.950E-05 2.621E-05
  1258.00 6.033E-05 6.033E-05 6.033E-05 3.194E-05
  1256.00 5.620E-05 5.620E-05 5.620E-05 2.976E-05
  1254.00 6.445E-05 6.445E-05 6.445E-05 3.413E-05
  1252.00 6.548E-05 6.548E-05 6.548E-05 3.467E-05
  1250.00 7.089E-05 7.089E-05 7.089E-05 3.754E-05
  1248.00 7.966E-05 7.966E-05 7.966E-05 4.218E-05
  1246.00 7.089E-05 7.089E-05 7.089E-05 3.754E-05
  1244.00 8.559E-05 8.559E-05 8.559E-05 4.532E-05
  1242.00 9.229E-05 9.229E-05 9.229E-05 4.887E-05
  1240.00 7.244E-05 7.244E-05 7.244E-05 3.836E-05
  1238.00 8.533E-05 8.533E-05 8.533E-05 4.518E-05
  1236.00 7.115E-05 7.115E-05 7.115E-05 3.767E-05
  1234.00 6.857E-05 6.857E-05 6.857E-05 3.631E-05
  1232.00 8.636E-05 8.636E-05 8.636E-05 4.573E-05
  1230.00 7.837E-05 7.837E-05 7.837E-05 4.150E-05
  1228.00 8.275E-05 8.275E-05 8.275E-05 4.382E-05
  1226.00 9.616E-05 9.616E-05 9.616E-05 5.091E-05
  1224.00 9.229E-05 9.229E-05 9.229E-05 4.887E-05
  1222.00 7.579E-05 7.579E-05 7.579E-05 4.013E-05
  1220.00 9.977E-05 9.977E-05 9.977E-05 5.283E-05
  1218.00 8.971E-05 8.971E-05 8.971E-05 4.750E-05
  1216.00 9.771E-05 9.771E-05 9.771E-05 5.173E-05
  1214.00 1.021E-04 1.021E-04 1.021E-04 5.405E-05
  1212.00 9.616E-05 9.616E-05 9.616E-05 5.091E-05
  1210.00 1.114E-04 1.114E-04 1.114E-04 5.897E-05
  1208.00 1.039E-04 1.039E-04 1.039E-04 5.501E-05
  1206.00 1.132E-04 1.132E-04 1.132E-04 5.992E-05
  1204.00 1.052E-04 1.052E-04 1.052E-04 5.569E-05
  1202.00 1.057E-04 1.057E-04 1.057E-04 5.597E-05
  1200.00 1.186E-04 1.186E-04 1.186E-04 6.279E-05
  1198.00 1.114E-04 1.114E-04 1.114E-04 5.897E-05
  1196.00 1.317E-04 1.317E-04 1.317E-04 6.975E-05
  1194.00 1.062E-04 1.062E-04 1.062E-04 5.624E-05
  1192.00 1.237E-04 1.237E-04 1.237E-04 6.552E-05
  1190.00 1.276E-04 1.276E-04 1.276E-04 6.757E-05
  1188.00 1.088E-04 1.088E-04 1.088E-04 5.760E-05
  1186.00 1.204E-04 1.204E-04 1.204E-04 6.375E-05
  1184.00 1.150E-04 1.150E-04 1.150E-04 6.088E-05
  1182.00 1.114E-04 1.114E-04 1.114E-04 5.897E-05
  1180.00 1.209E-04 1.209E-04 1.209E-04 6.402E-05
  1178.00 1.413E-04 1.413E-04 1.413E-04 7.480E-05
  1176.00 1.204E-04 1.204E-04 1.204E-04 6.375E-05
  1174.00 1.302E-04 1.302E-04 1.302E-04 6.893E-05
  1172.00 1.390E-04 1.390E-04 1.390E-04 7.357E-05
  1170.00 1.276E-04 1.276E-04 1.276E-04 6.757E-05
  1168.00 1.338E-04 1.338E-04 1.338E-04 7.084E-05
  1166.00 1.258E-04 1.258E-04 1.258E-04 6.661E-05
  1164.00 1.418E-04 1.418E-04 1.418E-04 7.508E-05
  1162.00 1.369E-04 1.369E-04 1.369E-04 7.248E-05
  1160.00 1.485E-04 1.485E-04 1.485E-04 7.862E-05
  1158.00 1.521E-04 1.521E-04 1.521E-04 8.054E-05
  1156.00 1.619E-04 1.619E-04 1.619E-04 8.572E-05
  1154.00 1.575E-04 1.575E-04 1.575E-04 8.340E-05
  1152.00 1.632E-04 1.632E-04 1.632E-04 8.640E-05
  1150.00 1.864E-04 1.864E-04 1.864E-04 9.869E-05
  1148.00 1.885E-04 1.885E-04 1.885E-04 9.978E-05
  1146.00 1.518E-04 1.518E-04 1.518E-04 8.040E-05
  1144.00 1.720E-04 1.720E-04 1.720E-04 9.105E-05
  1142.00 1.467E-04 1.467E-04 1.467E-04 7.767E-05
  1140.00 1.936E-04 1.936E-04 1.936E-04 1.025E-04
  1138.00 1.699E-04 1.699E-04 1.699E-04 8.995E-05
  1136.00 1.686E-04 1.686E-04 1.686E-04 8.927E-05
  1134.00 1.699E-04 1.699E-04 1.699E-04 8.995E-05
  1132.00 1.787E-04 1.787E-04 1.787E-04 9.459E-05
  1130.00 2.003E-04 2.003E-04 2.003E-04 1.061E-04
  1128.00 1.828E-04 1.828E-04 1.828E-04 9.678E-05
  1126.00 2.013E-04 2.013E-04 2.013E-04 1.066E-04
  1124.00 2.106E-04 2.106E-04 2.106E-04 1.115E-04
  1122.00 1.931E-04 1.931E-04 1.931E-04 1.022E-04
  1120.00 2.080E-04 2.080E-04 2.080E-04 1.102E-04
  1118.00 1.895E-04 1.895E-04 1.895E-04 1.003E-04
  1116.00 1.944E-04 1.944E-04 1.944E-04 1.029E-04
  1114.00 1.964E-04 1.964E-04 1.964E-04 1.040E-04
  1112.00 2.215E-04 2.215E-04 2.215E-04 1.173E-04
  1110.00 2.171E-04 2.171E-04 2.171E-04 1.149E-04
  1108.00 2.129E-04 2.129E-04 2.129E-04 1.127E-04
  1106.00 2.153E-04 2.153E-04 2.153E-04 1.140E-04
  1104.00 2.245E-04 2.245E-04 2.245E-04 1.189E-04
  1102.00 2.153E-04 2.153E-04 2.153E-04 1.140E-04
  1100.00 2.189E-04 2.189E-04 2.189E-04 1.159E-04
  1098.00 2.297E-04 2.297E-04 2.297E-04 1.216E-04
  1096.00 2.186E-04 2.186E-04 2.186E-04 1.158E-04
  1094.00 2.217E-04 2.217E-04 2.217E-04 1.174E-04
  1092.00 2.271E-04 2.271E-04 2.271E-04 1.203E-04
  1090.00 2.204E-04 2.204E-04 2.204E-04 1.167E-04
  1088.00 2.514E-04 2.514E-04 2.514E-04 1.331E-04
  1086.00 2.655E-04 2.655E-04 2.655E-04 1.406E-04
  1084.00 2.318E-04 2.318E-04 2.318E-04 1.227E-04
  1082.00 2.480E-04 2.480E-04 2.480E-04 1.313E-04
  1080.00 2.459E-04 2.459E-04 2.459E-04 1.302E-04
  1078.00 2.575E-04 2.575E-04 2.575E-04 1.364E-04
  1076.00 2.444E-04 2.444E-04 2.444E-04 1.294E-04
  1074.00 2.707E-04 2.707E-04 2.707E-04 1.433E-04
  1072.00 2.544E-04 2.544E-04 2.544E-04 1.347E-04
  1070.00 2.681E-04 2.681E-04 2.681E-04 1.420E-04
  1068.00 2.758E-04 2.758E-04 2.758E-04 1.461E-04
  1066.00 2.784E-04 2.784E-04 2.784E-04 1.474E-04
  1064.00 2.939E-04 2.939E-04 2.939E-04 1.556E-04
  1062.00 2.733E-04 2.733E-04 2.733E-04 1.447E-04
  1060.00 2.784E-04 2.784E-04 2.784E-04 1.474E-04
  1058.00 2.965E-04 2.965E-04 2.965E-04 1.570E-04
  1056.00 2.862E-04 2.862E-04 2.862E-04 1.515E-04
  1054.00 2.965E-04 2.965E-04 2.965E-04 1.570E-04
  1052.00 3.222E-04 3.222E-04 3.222E-04 1.706E-04
  1050.00 3.094E-04 3.094E-04 3.094E-04 1.638E-04
  1048.00 2.965E-04 2.965E-04 2.965E-04 1.570E-04
  1046.00 3.094E-04 3.094E-04 3.094E-04 1.638E-04
  1044.00 3.171E-04 3.171E-04 3.171E-04 1.679E-04
  1042.00 3.042E-04 3.042E-04 3.042E-04 1.611E-04
  1040.00 3.042E-04 3.042E-04 3.042E-04 1.611E-04
  1038.00 3.145E-04 3.145E-04 3.145E-04 1.665E-04
  1036.00 3.274E-04 3.274E-04 3.274E-04 1.734E-04
  1034.00 3.274E-04 3.274E-04 3.274E-04 1.734E-04
  1032.00 3.455E-04 3.455E-04 3.455E-04 1.829E-04
  1030.00 3.455E-04 3.455E-04 3.455E-04 1.829E-04
  1028.00 3.583E-04 3.583E-04 3.583E-04 1.897E-04
  1026.00 3.635E-04 3.635E-04 3.635E-04 1.925E-04
  1024.00 3.738E-04 3.738E-04 3.738E-04 1.979E-04
  1022.00 3.712E-04 3.712E-04 3.712E-04 1.966E-04
  1020.00 3.558E-04 3.558E-04 3.558E-04 1.884E-04
  1018.00 3.841E-04 3.841E-04 3.841E-04 2.034E-04
  1016.00 3.712E-04 3.712E-04 3.712E-04 1.966E-04
  1014.00 3.764E-04 3.764E-04 3.764E-04 1.993E-04
  1012.00 3.687E-04 3.687E-04 3.687E-04 1.952E-04
  1010.00 3.815E-04 3.815E-04 3.815E-04 2.020E-04
  1008.00 3.944E-04 3.944E-04 3.944E-04 2.088E-04
  1006.00 3.815E-04 3.815E-04 3.815E-04 2.020E-04
  1004.00 3.738E-04 3.738E-04 3.738E-04 1.979E-04
  1002.00 4.047E-04 4.047E-04 4.047E-04 2.143E-04
  1000.00 4.047E-04 4.047E-04 4.047E-04 2.143E-04
   998.00 4.099E-04 4.099E-04 4.099E-04 2.170E-04
   996.00 4.254E-04 4.254E-04 4.254E-04 2.252E-04
   994.00 4.151E-04 4.151E-04 4.151E-04 2.198E-04
   992.00 4.047E-04 4.047E-04 4.047E-04 2.143E-04
   990.00 4.202E-04 4.202E-04 4.202E-04 2.225E-04
   988.00 4.615E-04 4.615E-04 4.615E-04 2.443E-04
   986.00 4.563E-04 4.563E-04 4.563E-04 2.416E-04
   984.00 4.305E-04 4.305E-04 4.305E-04 2.280E-04
   982.00 4.589E-04 4.589E-04 4.589E-04 2.430E-04
   980.00 4.666E-04 4.666E-04 4.666E-04 2.471E-04
   978.00 4.383E-04 4.383E-04 4.383E-04 2.321E-04
   976.00 4.744E-04 4.744E-04 4.744E-04 2.512E-04
   974.00 4.718E-04 4.718E-04 4.718E-04 2.498E-04
   972.00 4.769E-04 4.769E-04 4.769E-04 2.525E-04
   970.00 5.130E-04 5.130E-04 5.130E-04 2.716E-04
   968.00 4.847E-04 4.847E-04 4.847E-04 2.566E-04
   966.00 4.950E-04 4.950E-04 4.950E-04 2.621E-04
   964.00 4.976E-04 4.976E-04 4.976E-04 2.634E-04
   962.00 5.079E-04 5.079E-04 5.079E-04 2.689E-04
   960.00 4.898E-04 4.898E-04 4.898E-04 2.594E-04
   958.00 5.465E-04 5.465E-04 5.465E-04 2.894E-04
   956.00 5.079E-04 5.079E-04 5.079E-04 2.689E-04
   954.00 5.130E-04 5.130E-04 5.130E-04 2.716E-04
   952.00 5.465E-04 5.465E-04 5.465E-04 2.894E-04
   950.00 5.517E-04 5.517E-04 5.517E-04 2.921E-04
   948.00 5.672E-04 5.672E-04 5.672E-04 3.003E-04
   946.00 5.775E-04 5.775E-04 5.775E-04 3.058E-04
   944.00 5.800E-04 5.800E-04 5.800E-04 3.071E-04
   942.00 5.775E-04 5.775E-04 5.775E-04 3.058E-04
   940.00 5.878E-04 5.878E-04 5.878E-04 3.112E-04
   938.00 5.568E-04 5.568E-04 5.568E-04 2.948E-04
   936.00 5.800E-04 5.800E-04 5.800E-04 3.071E-04
   934.00 6.161E-04 6.161E-04 6.161E-04 3.262E-04
   932.00 6.213E-04 6.213E-04 6.213E-04 3.290E-04
   930.00 5.826E-04 5.826E-04 5.826E-04 3.085E-04
   928.00 6.600E-04 6.600E-04 6.600E-04 3.494E-04
   926.00 6.239E-04 6.239E-04 6.239E-04 3.303E-04
   924.00 6.265E-04 6.265E-04 6.265E-04 3.317E-04
   922.00 6.548E-04 6.548E-04 6.548E-04 3.467E-04
   920.00 6.522E-04 6.522E-04 6.522E-04 3.453E-04
   918.00 6.625E-04 6.625E-04 6.625E-04 3.508E-04
   916.00 6.625E-04 6.625E-04 6.625E-04 3.508E-04
   914.00 6.832E-04 6.832E-04 6.832E-04 3.617E-04
   912.00 6.497E-04 6.497E-04 6.497E-04 3.440E-04
   910.00 7.089E-04 7.089E-04 7.089E-04 3.754E-04
   908.00 6.754E-04 6.754E-04 6.754E-04 3.576E-04
   906.00 7.296E-04 7.296E-04 7.296E-04 3.863E-04
   904.00 7.064E-04 7.064E-04 7.064E-04 3.740E-04
   902.00 6.883E-04 6.883E-04 6.883E-04 3.645E-04
   900.00 7.373E-04 7.373E-04 7.373E-04 3.904E-04
   898.00 7.115E-04 7.115E-04 7.115E-04 3.767E-04
   896.00 7.399E-04 7.399E-04 7.399E-04 3.918E-04
   894.00 7.476E-04 7.476E-04 7.476E-04 3.958E-04
   892.00 7.579E-04 7.579E-04 7.579E-04 4.013E-04
   890.00 8.043E-04 8.043E-04 8.043E-04 4.259E-04
   888.00 8.301E-04 8.301E-04 8.301E-04 4.395E-04
   886.00 8.172E-04 8.172E-04 8.172E-04 4.327E-04
   884.00 7.786E-04 7.786E-04 7.786E-04 4.122E-04
   882.00 8.018E-04 8.018E-04 8.018E-04 4.245E-04
   880.00 8.688E-04 8.688E-04 8.688E-04 4.600E-04
   878.00 8.843E-04 8.843E-04 8.843E-04 4.682E-04
   876.00 8.353E-04 8.353E-04 8.353E-04 4.423E-04
   874.00 8.739E-04 8.739E-04 8.739E-04 4.627E-04
   872.00 8.688E-04 8.688E-04 8.688E-04 4.600E-04
   870.00 8.507E-04 8.507E-04 8.507E-04 4.505E-04
   868.00 8.791E-04 8.791E-04 8.791E-04 4.655E-04
   866.00 9.049E-04 9.049E-04 9.049E-04 4.791E-04
   864.00 9.332E-04 9.332E-04 9.332E-04 4.941E-04
   862.00 9.410E-04 9.410E-04 9.410E-04 4.982E-04
   860.00 9.281E-04 9.281E-04 9.281E-04 4.914E-04
   858.00 9.951E-04 9.951E-04 9.951E-04 5.269E-04
   856.00 9.642E-04 9.642E-04 9.642E-04 5.105E-04
   854.00 9.874E-04 9.874E-04 9.874E-04 5.228E-04
   852.00 1.023E-03 1.023E-03 1.023E-03 5.419E-04
   850.00 9.771E-04 9.771E-04 9.771E-04 5.173E-04
   848.00 1.018E-03 1.018E-03 1.018E-03 5.392E-04
   846.00 1.021E-03 1.021E-03 1.021E-03 5.405E-04
   844.00 1.042E-03 1.042E-03 1.042E-03 5.515E-04
   842.00 1.096E-03 1.096E-03 1.096E-03 5.801E-04
   840.00 1.109E-03 1.109E-03 1.109E-03 5.870E-04
   838.00 1.070E-03 1.070E-03 1.070E-03 5.665E-04
   836.00 1.132E-03 1.132E-03 1.132E-03 5.992E-04
   834.00 1.090E-03 1.090E-03 1.090E-03 5.774E-04
   832.00 1.139E-03 1.139E-03 1.139E-03 6.033E-04
   830.00 1.114E-03 1.114E-03 1.114E-03 5.897E-04
   828.00 1.163E-03 1.163E-03 1.163E-03 6.156E-04
   826.00 1.165E-03 1.165E-03 1.165E-03 6.170E-04
   824.00 1.219E-03 1.219E-03 1.219E-03 6.456E-04
   822.00 1.176E-03 1.176E-03 1.176E-03 6.224E-04
   820.00 1.227E-03 1.227E-03 1.227E-03 6.497E-04
   818.00 1.250E-03 1.250E-03 1.250E-03 6.620E-04
   816.00 1.217E-03 1.217E-03 1.217E-03 6.443E-04
   814.00 1.250E-03 1.250E-03 1.250E-03 6.620E-04
   812.00 1.279E-03 1.279E-03 1.279E-03 6.770E-04
   810.00 1.271E-03 1.271E-03 1.271E-03 6.729E-04
   808.00 1.379E-03 1.379E-03 1.379E-03 7.303E-04
   806.00 1.377E-03 1.377E-03 1.377E-03 7.289E-04
   804.00 1.387E-03 1.387E-03 1.387E-03 7.344E-04
   802.00 1.387E-03 1.387E-03 1.387E-03 7.344E-04
   800.00 1.377E-03 1.377E-03 1.377E-03 7.289E-04
   798.00 1.415E-03 1.415E-03 1.415E-03 7.494E-04
   796.00 1.405E-03 1.405E-03 1.405E-03 7.439E-04
   794.00 1.493E-03 1.493E-03 1.493E-03 7.903E-04
   792.00 1.485E-03 1.485E-03 1.485E-03 7.862E-04
   790.00 1.485E-03 1.485E-03 1.485E-03 7.862E-04
   788.00 1.482E-03 1.482E-03 1.482E-03 7.849E-04
   786.00 1.513E-03 1.513E-03 1.513E-03 8.013E-04
   784.00 1.552E-03 1.552E-03 1.552E-03 8.217E-04
   782.00 1.544E-03 1.544E-03 1.544E-03 8.176E-04
   780.00 1.593E-03 1.593E-03 1.593E-03 8.436E-04
   778.00 1.619E-03 1.619E-03 1.619E-03 8.572E-04
   776.00 1.562E-03 1.562E-03 1.562E-03 8.272E-04
   774.00 1.663E-03 1.663E-03 1.663E-03 8.804E-04
   772.00 1.655E-03 1.655E-03 1.655E-03 8.763E-04
   770.00 1.694E-03 1.694E-03 1.694E-03 8.968E-04
   768.00 1.691E-03 1.691E-03 1.691E-03 8.954E-04
   766.00 1.725E-03 1.725E-03 1.725E-03 9.132E-04
   764.00 1.776E-03 1.776E-03 1.776E-03 9.405E-04
   762.00 1.774E-03 1.774E-03 1.774E-03 9.391E-04
   760.00 1.812E-03 1.812E-03 1.812E-03 9.596E-04
   758.00 1.825E-03 1.825E-03 1.825E-03 9.664E-04
   756.00 1.872E-03 1.872E-03 1.872E-03 9.910E-04
   754.00 1.872E-03 1.872E-03 1.872E-03 9.910E-04
   752.00 1.910E-03 1.910E-03 1.910E-03 1.011E-03
   750.00 1.975E-03 1.975E-03 1.975E-03 1.046E-03
   748.00 2.006E-03 2.006E-03 2.006E-03 1.062E-03
   746.00 2.029E-03 2.029E-03 2.029E-03 1.074E-03
   744.00 1.985E-03 1.985E-03 1.985E-03 1.051E-03
   742.00 2.039E-03 2.039E-03 2.039E-03 1.080E-03
   740.00 2.114E-03 2.114E-03 2.114E-03 1.119E-03
   738.00 2.106E-03 2.106E-03 2.106E-03 1.115E-03
   736.00 2.137E-03 2.137E-03 2.137E-03 1.132E-03
   734.00 2.168E-03 2.168E-03 2.168E-03 1.148E-03
   732.00 2.207E-03 2.207E-03 2.207E-03 1.168E-03
   730.00 2.243E-03 2.243E-03 2.243E-03 1.188E-03
   728.00 2.261E-03 2.261E-03 2.261E-03 1.197E-03
   726.00 2.240E-03 2.240E-03 2.240E-03 1.186E-03
   724.00 2.279E-03 2.279E-03 2.279E-03 1.207E-03
   722.00 2.336E-03 2.336E-03 2.336E-03 1.237E-03
   720.00 2.428E-03 2.428E-03 2.428E-03 1.286E-03
   718.00 2.449E-03 2.449E-03 2.449E-03 1.297E-03
   716.00 2.470E-03 2.470E-03 2.470E-03 1.308E-03
   714.00 2.454E-03 2.454E-03 2.454E-03 1.299E-03
   712.00 2.506E-03 2.506E-03 2.506E-03 1.327E-03
   710.00 2.604E-03 2.604E-03 2.604E-03 1.379E-03
   708.00 2.655E-03 2.655E-03 2.655E-03 1.406E-03
   706.00 2.630E-03 2.630E-03 2.630E-03 1.392E-03
   704.00 2.604E-03 2.604E-03 2.604E-03 1.379E-03
   702.00 2.707E-03 2.707E-03 2.707E-03 1.433E-03
   700.00 2.810E-03 2.810E-03 2.810E-03 1.488E-03
   698.00 2.784E-03 2.784E-03 2.784E-03 1.474E-03
   696.00 2.758E-03 2.758E-03 2.758E-03 1.461E-03
   694.00 2.862E-03 2.862E-03 2.862E-03 1.515E-03
   692.00 2.887E-03 2.887E-03 2.887E-03 1.529E-03
   690.00 2.939E-03 2.939E-03 2.939E-03 1.556E-03
   688.00 2.990E-03 2.990E-03 2.990E-03 1.583E-03
   686.00 3.016E-03 3.016E-03 3.016E-03 1.597E-03
   684.00 3.042E-03 3.042E-03 3.042E-03 1.611E-03
   682.00 3.094E-03 3.094E-03 3.094E-03 1.638E-03
   680.00 3.042E-03 3.042E-03 3.042E-03 1.611E-03
   678.00 3.248E-03 3.248E-03 3.248E-03 1.720E-03
   676.00 3.145E-03 3.145E-03 3.145E-03 1.665E-03
   674.00 3.222E-03 3.222E-03 3.222E-03 1.706E-03
   672.00 3.429E-03 3.429E-03 3.429E-03 1.815E-03
   670.00 3.403E-03 3.403E-03 3.403E-03 1.802E-03
   668.00 3.326E-03 3.326E-03 3.326E-03 1.761E-03
   666.00 3.506E-03 3.506E-03 3.506E-03 1.856E-03
   664.00 3.558E-03 3.558E-03 3.558E-03 1.884E-03
   662.00 3.609E-03 3.609E-03 3.609E-03 1.911E-03
   660.00 3.635E-03 3.635E-03 3.635E-03 1.925E-03
   658.00 3.687E-03 3.687E-03 3.687E-03 1.952E-03
   656.00 3.764E-03 3.764E-03 3.764E-03 1.993E-03
   654.00 3.815E-03 3.815E-03 3.815E-03 2.020E-03
   652.00 3.815E-03 3.815E-03 3.815E-03 2.020E-03
   650.00 3.970E-03 3.970E-03 3.970E-03 2.102E-03
   648.00 3.944E-03 3.944E-03 3.944E-03 2.088E-03
   646.00 4.125E-03 4.125E-03 4.125E-03 2.184E-03
   644.00 4.022E-03 4.022E-03 4.022E-03 2.129E-03
   642.00 4.151E-03 4.151E-03 4.151E-03 2.198E-03
   640.00 4.202E-03 4.202E-03 4.202E-03 2.225E-03
   638.00 4.228E-03 4.228E-03 4.228E-03 2.239E-03
   636.00 4.279E-03 4.279E-03 4.279E-03 2.266E-03
   634.00 4.408E-03 4.408E-03 4.408E-03 2.334E-03
   632.00 4.383E-03 4.383E-03 4.383E-03 2.321E-03
   630.00 4.486E-03 4.486E-03 4.486E-03 2.375E-03
   628.00 4.615E-03 4.615E-03 4.615E-03 2.443E-03
   626.00 4.718E-03 4.718E-03 4.718E-03 2.498E-03
   624.00 4.744E-03 4.744E-03 4.744E-03 2.512E-03
   622.00 4.744E-03 4.744E-03 4.744E-03 2.512E-03
   620.00 4.950E-03 4.950E-03 4.950E-03 2.621E-03
   618.00 4.847E-03 4.847E-03 4.847E-03 2.566E-03
   616.00 5.001E-03 5.001E-03 5.001E-03 2.648E-03
   614.00 5.208E-03 5.208E-03 5.208E-03 2.757E-03
   612.00 5.233E-03 5.233E-03 5.233E-03 2.771E-03
   610.00 5.233E-03 5.233E-03 5.233E-03 2.771E-03
   608.00 5.285E-03 5.285E-03 5.285E-03 2.798E-03
   606.00 5.465E-03 5.465E-03 5.465E-03 2.894E-03
   604.00 5.465E-03 5.465E-03 5.465E-03 2.894E-03
   602.00 5.517E-03 5.517E-03 5.517E-03 2.921E-03
   600.00 5.620E-03 5.620E-03 5.620E-03 2.976E-03
   598.00 5.852E-03 5.852E-03 5.852E-03 3.099E-03
   596.00 5.775E-03 5.775E-03 5.775E-03 3.058E-03
   594.00 5.775E-03 5.775E-03 5.775E-03 3.058E-03
   592.00 5.929E-03 5.929E-03 5.929E-03 3.140E-03
   590.00 6.110E-03 6.110E-03 6.110E-03 3.235E-03
   588.00 6.187E-03 6.187E-03 6.187E-03 3.276E-03
   586.00 6.290E-03 6.290E-03 6.290E-03 3.331E-03
   584.00 6.393E-03 6.393E-03 6.393E-03 3.385E-03
   582.00 6.419E-03 6.419E-03 6.419E-03 3.399E-03
   580.00 6.471E-03 6.471E-03 6.471E-03 3.426E-03
   578.00 6.677E-03 6.677E-03 6.677E-03 3.535E-03
   576.00 6.780E-03 6.780E-03 6.780E-03 3.590E-03
   574.00 6.832E-03 6.832E-03 6.832E-03 3.617E-03
   572.00 6.909E-03 6.909E-03 6.909E-03 3.658E-03
   570.00 7.089E-03 7.089E-03 7.089E-03 3.754E-03
   568.00 7.141E-03 7.141E-03 7.141E-03 3.781E-03
   566.00 7.244E-03 7.244E-03 7.244E-03 3.836E-03
   564.00 7.244E-03 7.244E-03 7.244E-03 3.836E-03
   562.00 7.476E-03 7.476E-03 7.476E-03 3.959E-03
   560.00 7.579E-03 7.579E-03 7.579E-03 4.013E-03
   558.00 7.760E-03 7.760E-03 7.760E-03 4.109E-03
   556.00 7.760E-03 7.760E-03 7.760E-03 4.109E-03
   554.00 8.018E-03 8.018E-03 8.018E-03 4.245E-03
   552.00 8.095E-03 8.095E-03 8.095E-03 4.286E-03
   550.00 8.250E-03 8.250E-03 8.250E-03 4.368E-03
   548.00 8.456E-03 8.456E-03 8.456E-03 4.477E-03
   546.00 8.456E-03 8.456E-03 8.456E-03 4.477E-03
   544.00 8.611E-03 8.611E-03 8.611E-03 4.559E-03
   542.00 8.662E-03 8.662E-03 8.662E-03 4.586E-03
   540.00 8.843E-03 8.843E-03 8.843E-03 4.682E-03
   538.00 9.023E-03 9.023E-03 9.023E-03 4.778E-03
   536.00 9.229E-03 9.229E-03 9.229E-03 4.887E-03
   534.00 9.358E-03 9.358E-03 9.358E-03 4.955E-03
   532.00 9.384E-03 9.384E-03 9.384E-03 4.969E-03
   530.00 9.642E-03 9.642E-03 9.642E-03 5.105E-03
   528.00 9.745E-03 9.745E-03 9.745E-03 5.160E-03
   526.00 1.000E-02 1.000E-02 1.000E-02 5.296E-03
   524.00 1.011E-02 1.011E-02 1.011E-02 5.351E-03
   522.00 1.011E-02 1.011E-02 1.011E-02 5.351E-03
   520.00 1.034E-02 1.034E-02 1.034E-02 5.474E-03
   518.00 1.065E-02 1.065E-02 1.065E-02 5.637E-03
   516.00 1.067E-02 1.067E-02 1.067E-02 5.651E-03
   514.00 1.085E-02 1.085E-02 1.085E-02 5.747E-03
   512.00 1.116E-02 1.116E-02 1.116E-02 5.910E-03
   510.00 1.134E-02 1.134E-02 1.134E-02 6.006E-03
   508.00 1.165E-02 1.165E-02 1.165E-02 6.170E-03
   506.00 1.168E-02 1.168E-02 1.168E-02 6.183E-03
   504.00 1.186E-02 1.186E-02 1.186E-02 6.279E-03
   502.00 1.196E-02 1.196E-02 1.196E-02 6.334E-03
   500.00 1.214E-02 1.214E-02 1.214E-02 6.429E-03
   498.00 1.250E-02 1.250E-02 1.250E-02 6.620E-03
   496.00 1.240E-02 1.240E-02 1.240E-02 6.566E-03
   494.00 1.284E-02 1.284E-02 1.284E-02 6.798E-03
   492.00 1.279E-02 1.279E-02 1.279E-02 6.770E-03
   490.00 1.330E-02 1.330E-02 1.330E-02 7.043E-03
   488.00 1.343E-02 1.343E-02 1.343E-02 7.112E-03
   486.00 1.371E-02 1.371E-02 1.371E-02 7.262E-03
   484.00 1.382E-02 1.382E-02 1.382E-02 7.316E-03
   482.00 1.420E-02 1.420E-02 1.420E-02 7.521E-03
   480.00 1.428E-02 1.428E-02 1.428E-02 7.562E-03
   478.00 1.446E-02 1.446E-02 1.446E-02 7.658E-03
   476.00 1.469E-02 1.469E-02 1.469E-02 7.781E-03
   474.00 1.518E-02 1.518E-02 1.518E-02 8.040E-03
   472.00 1.526E-02 1.526E-02 1.526E-02 8.081E-03
   470.00 1.560E-02 1.560E-02 1.560E-02 8.258E-03
   468.00 1.601E-02 1.601E-02 1.601E-02 8.477E-03
   466.00 1.616E-02 1.616E-02 1.616E-02 8.559E-03
   464.00 1.627E-02 1.627E-02 1.627E-02 8.613E-03
   462.00 1.660E-02 1.660E-02 1.660E-02 8.791E-03
   460.00 1.694E-02 1.694E-02 1.694E-02 8.968E-03
   458.00 1.712E-02 1.712E-02 1.712E-02 9.064E-03
   456.00 1.758E-02 1.758E-02 1.758E-02 9.309E-03
   454.00 1.781E-02 1.781E-02 1.781E-02 9.432E-03
   452.00 1.805E-02 1.805E-02 1.805E-02 9.555E-03
   450.00 1.836E-02 1.836E-02 1.836E-02 9.719E-03
   448.00 1.864E-02 1.864E-02 1.864E-02 9.869E-03
   446.00 1.903E-02 1.903E-02 1.903E-02 1.007E-02
   444.00 1.946E-02 1.946E-02 1.946E-02 1.031E-02
   442.00 1.990E-02 1.990E-02 1.990E-02 1.054E-02
   440.00 1.985E-02 1.985E-02 1.985E-02 1.051E-02
   438.00 2.037E-02 2.037E-02 2.037E-02 1.078E-02
   436.00 2.062E-02 2.062E-02 2.062E-02 1.092E-02
   434.00 2.078E-02 2.078E-02 2.078E-02 1.100E-02
   432.00 2.111E-02 2.111E-02 2.111E-02 1.118E-02
   430.00 2.171E-02 2.171E-02 2.171E-02 1.149E-02
   428.00 2.186E-02 2.186E-02 2.186E-02 1.158E-02
   426.00 2.217E-02 2.217E-02 2.217E-02 1.174E-02
   424.00 2.240E-02 2.240E-02 2.240E-02 1.186E-02
   422.00 2.266E-02 2.266E-02 2.266E-02 1.200E-02
   420.00 2.320E-02 2.320E-02 2.320E-02 1.229E-02
   418.00 2.351E-02 2.351E-02 2.351E-02 1.245E-02
   416.00 2.369E-02 2.369E-02 2.369E-02 1.254E-02
   414.00 2.428E-02 2.428E-02 2.428E-02 1.286E-02
   412.00 2.444E-02 2.444E-02 2.444E-02 1.294E-02
   410.00 2.490E-02 2.490E-02 2.490E-02 1.319E-02
   408.00 2.511E-02 2.511E-02 2.511E-02 1.330E-02
   406.00 2.539E-02 2.539E-02 2.539E-02 1.345E-02
   404.00 2.560E-02 2.560E-02 2.560E-02 1.355E-02
   402.00 2.578E-02 2.578E-02 2.578E-02 1.365E-02
   400.00 2.630E-02 2.630E-02 2.630E-02 1.392E-02
   398.00 2.630E-02 2.630E-02 2.630E-02 1.392E-02
   396.00 2.681E-02 2.681E-02 2.681E-02 1.420E-02
   394.00 2.681E-02 2.681E-02 2.681E-02 1.420E-02
   392.00 2.681E-02 2.681E-02 2.681E-02 1.420E-02
   390.00 2.733E-02 2.733E-02 2.733E-02 1.447E-02
   388.00 2.733E-02 2.733E-02 2.733E-02 1.447E-02
   386.00 2.733E-02 2.733E-02 2.733E-02 1.447E-02
   384.00 2.707E-02 2.707E-02 2.707E-02 1.433E-02
   382.00 2.681E-02 2.681E-02 2.681E-02 1.420E-02
   380.00 2.681E-02 2.681E-02 2.681E-02 1.420E-02
   378.00 2.681E-02 2.681E-02 2.681E-02 1.420E-02
   376.00 2.630E-02 2.630E-02 2.630E-02 1.392E-02
   374.00 2.552E-02 2.552E-02 2.552E-02 1.351E-02
   372.00 2.470E-02 2.470E-02 2.470E-02 1.308E-02
   370.00 2.403E-02 2.403E-02 2.403E-02 1.272E-02
   368.00 2.323E-02 2.323E-02 2.323E-02 1.230E-02
   366.00 2.158E-02 2.158E-02 2.158E-02 1.143E-02
   364.00 1.975E-02 1.975E-02 1.975E-02 1.046E-02
   362.00 1.774E-02 1.774E-02 1.774E-02 9.391E-03
   360.00 1.529E-02 1.529E-02 1.529E-02 8.094E-03
   358.00 1.255E-02 1.255E-02 1.255E-02 6.648E-03
   356.00 9.435E-03 9.435E-03 9.435E-03 4.996E-03
   354.00 6.497E-03 6.497E-03 6.497E-03 3.440E-03
   352.00 3.867E-03 3.867E-03 3.867E-03 2.048E-03
   350.00 1.769E-03 1.769E-03 1.769E-03 9.364E-04
   348.00 4.666E-04 4.666E-04 4.666E-04 2.471E-04
   346.00 5.646E-05 5.646E-05 5.646E-05 2.989E-05
   344.00 3.068E-06 3.068E-06 3.068E-06 1.624E-06
   342.00 3.248E-07 3.248E-07 3.248E-07 1.720E-07
   340.00 0.000E+00 0.000E+00 0.000E+00 0.000E+00
   338.00 0.000E+00 0.000E+00 0.000E+00 0.000E+00
   336.00 0.000E+00 0.000E+00 0.000E+00 0.000E+00
   334.00 0.000E+00 0.000E+00 0.000E+00 0.000E+00
   332.00 0.000E+00 0.000E+00 0.000E+00 0.000E+00
   330.00 0.000E+00 0.000E+00 0.000E+00 0.000E+00
   328.00 0.000E+00 0.000E+00 0.000E+00 0.000E+00
   326.00 0.000E+00 0.000E+00 0.000E+00 0.000E+00
   324.00 0.000E+00 0.000E+00 0.000E+00 0.000E+00
   322.00 0.000E+00 0.000E+00 0.000E+00 0.000E+00
   320.00 0.000E+00 0.000E+00 0.000E+00 0.000E+00
   318.00 0.000E+00 0.000E+00 0.000E+00 0.000E+00
   316.00 0.000E+00 0.000E+00 0.000E+00 0.000E+00
   314.00 0.000E+00 0.000E+00 0.000E+00 0.000E+00
   312.00 0.000E+00 0.000E+00 0.000E+00 0.000E+00
   310.00 0.000E+00 0.000E+00 0.000E+00 0.000E+00
   308.00 0.000E+00 0.000E+00 0.000E+00 0.000E+00
   306.00 0.000E+00 0.000E+00 0.000E+00 0.000E+00
   304.00 0.000E+00 0.000E+00 0.000E+00 0.000E+00
   302.00 0.000E+00 0.000E+00 0.000E+00 0.000E+00
   300.00 0.000E+00 0.000E+00 0.000E+00 0.000E+00
   298.00 0.000E+00 0.000E+00 0.000E+00 0.000E+00
   296.00 0.000E+00 0.000E+00 0.000E+00 0.000E+00
   294.00 0.000E+00 0.000E+00 0.000E+00 0.000E+00
   292.00 0.000E+00 0.000E+00 0.000E+00 0.000E+00
   290.00 0.000E+00 0.000E+00 0.000E+00 0.000E+00
   288.00 0.000E+00 0.000E+00 0.000E+00 0.000E+00
   286.00 0.000E+00 0.000E+00 0.000E+00 0.000E+00
   284.00 0.000E+00 0.000E+00 0.000E+00 0.000E+00
   282.00 0.000E+00 0.000E+00 0.000E+00 0.000E+00
   280.00 0.000E+00 0.000E+00 0.000E+00 0.000E+00
   278.00 0.000E+00 0.000E+00 0.000E+00 0.000E+00
   276.00 0.000E+00 0.000E+00 0.000E+00 0.000E+00
   274.00 0.000E+00 0.000E+00 0.000E+00 0.000E+00
   272.00 0.000E+00 0.000E+00 0.000E+00 0.000E+00
   270.00 0.000E+00 0.000E+00 0.000E+00 0.000E+00
   268.00 0.000E+00 0.000E+00 0.000E+00 0.000E+00
   266.00 0.000E+00 0.000E+00 0.000E+00 0.000E+00
   264.00 0.000E+00 0.000E+00 0.000E+00 0.000E+00
   262.00 0.000E+00 0.000E+00 0.000E+00 0.000E+00
   260.00 0.000E+00 0.000E+00 0.000E+00 0.000E+00
   258.00 0.000E+00 0.000E+00 0.000E+00 0.000E+00
   256.00 0.000E+00 0.000E+00 0.000E+00 0.000E+00
   254.00 0.000E+00 0.000E+00 0.000E+00 0.000E+00
   252.00 0.000E+00 0.000E+00 0.000E+00 0.000E+00
   250.00 0.000E+00 0.000E+00 0.000E+00 0.000E+00
   248.00 0.000E+00 0.000E+00 0.000E+00 0.000E+00
   246.00 0.000E+00 0.000E+00 0.000E+00 0.000E+00
   244.00 0.000E+00 0.000E+00 0.000E+00 0.000E+00
   242.00 0.000E+00 0.000E+00 0.000E+00 0.000E+00
   240.00 0.000E+00 0.000E+00 0.000E+00 0.000E+00
   238.00 0.000E+00 0.000E+00 0.000E+00 0.000E+00
   236.00 0.000E+00 0.000E+00 0.000E+00 0.000E+00
   234.00 0.000E+00 0.000E+00 0.000E+00 0.000E+00
   232.00 0.000E+00 0.000E+00 0.000E+00 0.000E+00
   230.00 0.000E+00 0.000E+00 0.000E+00 0.000E+00
   228.00 0.000E+00 0.000E+00 0.000E+00 0.000E+00
   226.00 0.000E+00 0.000E+00 0.000E+00 0.000E+00
   224.00 0.000E+00 0.000E+00 0.000E+00 0.000E+00
   222.00 0.000E+00 0.000E+00 0.000E+00 0.000E+00
   220.00 0.000E+00 0.000E+00 0.000E+00 0.000E+00
   218.00 0.000E+00 0.000E+00 0.000E+00 0.000E+00
   216.00 0.000E+00 0.000E+00 0.000E+00 0.000E+00
   214.00 0.000E+00 0.000E+00 0.000E+00 0.000E+00
   212.00 0.000E+00 0.000E+00 0.000E+00 0.000E+00
   210.00 0.000E+00 0.000E+00 0.000E+00 0.000E+00
   208.00 0.000E+00 0.000E+00 0.000E+00 0.000E+00
   206.00 0.000E+00 0.000E+00 0.000E+00 0.000E+00
   204.00 0.000E+00 0.000E+00 0.000E+00 0.000E+00
   202.00 0.000E+00 0.000E+00 0.000E+00 0.000E+00
   200.00 0.000E+00 0.000E+00 0.000E+00 0.000E+00
   198.00 0.000E+00 0.000E+00 0.000E+00 0.000E+00
   196.00 0.000E+00 0.000E+00 0.000E+00 0.000E+00
   194.00 0.000E+00 0.000E+00 0.000E+00 0.000E+00
   192.00 0.000E+00 0.000E+00 0.000E+00 0.000E+00
   190.00 0.000E+00 0.000E+00 0.000E+00 0.000E+00
   188.00 0.000E+00 0.000E+00 0.000E+00 0.000E+00
   186.00 0.000E+00 0.000E+00 0.000E+00 0.000E+00
   184.00 0.000E+00 0.000E+00 0.000E+00 0.000E+00
   182.00 0.000E+00 0.000E+00 0.000E+00 0.000E+00
   180.00 0.000E+00 0.000E+00 0.000E+00 0.000E+00
   178.00 0.000E+00 0.000E+00 0.000E+00 0.000E+00
   176.00 0.000E+00 0.000E+00 0.000E+00 0.000E+00
   174.00 0.000E+00 0.000E+00 0.000E+00 0.000E+00
   172.00 0.000E+00 0.000E+00 0.000E+00 0.000E+00
   170.00 0.000E+00 0.000E+00 0.000E+00 0.000E+00
   168.00 0.000E+00 0.000E+00 0.000E+00 0.000E+00
   166.00 0.000E+00 0.000E+00 0.000E+00 0.000E+00
   164.00 0.000E+00 0.000E+00 0.000E+00 0.000E+00
   162.00 0.000E+00 0.000E+00 0.000E+00 0.000E+00
   160.00 0.000E+00 0.000E+00 0.000E+00 0.000E+00
   158.00 0.000E+00 0.000E+00 0.000E+00 0.000E+00
   156.00 0.000E+00 0.000E+00 0.000E+00 0.000E+00
   154.00 0.000E+00 0.000E+00 0.000E+00 0.000E+00
   152.00 0.000E+00 0.000E+00 0.000E+00 0.000E+00
   150.00 0.000E+00 0.000E+00 0.000E+00 0.000E+00
   148.00 0.000E+00 0.000E+00 0.000E+00 0.000E+00
   146.00 0.000E+00 0.000E+00 0.000E+00 0.000E+00
   144.00 0.000E+00 0.000E+00 0.000E+00 0.000E+00
   142.00 0.000E+00 0.000E+00 0.000E+00 0.000E+00
   140.00 0.000E+00 0.000E+00 0.000E+00 0.000E+00
   138.00 0.000E+00 0.000E+00 0.000E+00 0.000E+00
   136.00 0.000E+00 0.000E+00 0.000E+00 0.000E+00
   134.00 0.000E+00 0.000E+00 0.000E+00 0.000E+00
   132.00 0.000E+00 0.000E+00 0.000E+00 0.000E+00
   130.00 0.000E+00 0.000E+00 0.000E+00 0.000E+00
   128.00 0.000E+00 0.000E+00 0.000E+00 0.000E+00
   126.00 0.000E+00 0.000E+00 0.000E+00 0.000E+00
   124.00 0.000E+00 0.000E+00 0.000E+00 0.000E+00
   122.00 0.000E+00 0.000E+00 0.000E+00 0.000E+00
   120.00 0.000E+00 0.000E+00 0.000E+00 0.000E+00
   118.00 0.000E+00 0.000E+00 0.000E+00 0.000E+00
   116.00 0.000E+00 0.000E+00 0.000E+00 0.000E+00
   114.00 0.000E+00 0.000E+00 0.000E+00 0.000E+00
   112.00 0.000E+00 0.000E+00 0.000E+00 0.000E+00
   110.00 0.000E+00 0.000E+00 0.000E+00 0.000E+00
   108.00 0.000E+00 0.000E+00 0.000E+00 0.000E+00
   106.00 0.000E+00 0.000E+00 0.000E+00 0.000E+00
   104.00 0.000E+00 0.000E+00 0.000E+00 0.000E+00
   102.00 0.000E+00 0.000E+00 0.000E+00 0.000E+00
   100.00 0.000E+00 0.000E+00 0.000E+00 0.000E+00
    98.00 0.000E+00 0.000E+00 0.000E+00 0.000E+00
    96.00 0.000E+00 0.000E+00 0.000E+00 0.000E+00
    94.00 0.000E+00 0.000E+00 0.000E+00 0.000E+00
    92.00 0.000E+00 0.000E+00 0.000E+00 0.000E+00
    90.00 0.000E+00 0.000E+00 0.000E+00 0.000E+00
    88.00 0.000E+00 0.000E+00 0.000E+00 0.000E+00
    86.00 0.000E+00 0.000E+00 0.000E+00 0.000E+00
    84.00 0.000E+00 0.000E+00 0.000E+00 0.000E+00
    82.00 0.000E+00 0.000E+00 0.000E+00 0.000E+00
    80.00 0.000E+00 0.000E+00 0.000E+00 0.000E+00
    78.00 0.000E+00 0.000E+00 0.000E+00 0.000E+00
    76.00 0.000E+00 0.000E+00 0.000E+00 0.000E+00
    74.00 0.000E+00 0.000E+00 0.000E+00 0.000E+00
    72.00 0.000E+00 0.000E+00 0.000E+00 0.000E+00
    70.00 0.000E+00 0.000E+00 0.000E+00 0.000E+00
    68.00 0.000E+00 0.000E+00 0.000E+00 0.000E+00
    66.00 0.000E+00 0.000E+00 0.000E+00 0.000E+00
    64.00 0.000E+00 0.000E+00 0.000E+00 0.000E+00
    62.00 0.000E+00 0.000E+00 0.000E+00 0.000E+00
    60.00 0.000E+00 0.000E+00 0.000E+00 0.000E+00
    58.00 0.000E+00 0.000E+00 0.000E+00 0.000E+00
    56.00 0.000E+00 0.000E+00 0.000E+00 0.000E+00
    54.00 0.000E+00 0.000E+00 0.000E+00 0.000E+00
    52.00 0.000E+00 0.000E+00 0.000E+00 0.000E+00
    50.00 0.000E+00 0.000E+00 0.000E+00 0.000E+00
    48.00 0.000E+00 0.000E+00 0.000E+00 0.000E+00
    46.00 0.000E+00 0.000E+00 0.000E+00 0.000E+00
    44.00 0.000E+00 0.000E+00 0.000E+00 0.000E+00
    42.00 0.000E+00 0.000E+00 0.000E+00 0.000E+00
    40.00 0.000E+00 0.000E+00 0.000E+00 0.000E+00
    38.00 0.000E+00 0.000E+00 0.000E+00 0.000E+00
    36.00 0.000E+00 0.000E+00 0.000E+00 0.000E+00
    34.00 0.000E+00 0.000E+00 0.000E+00 0.000E+00
    32.00 0.000E+00 0.000E+00 0.000E+00 0.000E+00
    30.00 0.000E+00 0.000E+00 0.000E+00 0.000E+00
    28.00 0.000E+00 0.000E+00 0.000E+00 0.000E+00
    26.00 0.000E+00 0.000E+00 0.000E+00 0.000E+00
    24.00 0.000E+00 0.000E+00 0.000E+00 0.000E+00
    22.00 0.000E+00 0.000E+00 0.000E+00 0.000E+00
    20.00 0.000E+00 0.000E+00 0.000E+00 0.000E+00
    18.00 0.000E+00 0.000E+00 0.000E+00 0.000E+00
    16.00 0.000E+00 0.000E+00 0.000E+00 0.000E+00
    14.00 0.000E+00 0.000E+00 0.000E+00 0.000E+00
    12.00 0.000E+00 0.000E+00 0.000E+00 0.000E+00
    10.00 0.000E+00 0.000E+00 0.000E+00 0.000E+00
     8.00 0.000E+00 0.000E+00 0.000E+00 0.000E+00
     6.00 0.000E+00 0.000E+00 0.000E+00 0.000E+00
     4.00 0.000E+00 0.000E+00 0.000E+00 0.000E+00
     2.00 0.000E+00 0.000E+00 0.000E+00 0.000E+00
     0.00 0.000E+00 0.000E+00 0.000E+00 0.000E+00
    -2.00 0.000E+00 0.000E+00 0.000E+00 0.000E+00
    -4.00 0.000E+00 0.000E+00 0.000E+00 0.000E+00
    -6.00 0.000E+00 0.000E+00 0.000E+00 0.000E+00
    -8.00 0.000E+00 0.000E+00 0.000E+00 0.000E+00
   -10.00 0.000E+00 0.000E+00 0.000E+00 0.000E+00
   -12.00 0.000E+00 0.000E+00 0.000E+00 0.000E+00
   -14.00 0.000E+00 0.000E+00 0.000E+00 0.000E+00
   -16.00 0.000E+00 0.000E+00 0.000E+00 0.000E+00
   -18.00 0.000E+00 0.000E+00 0.000E+00 0.000E+00
   -20.00 0.000E+00 0.000E+00 0.000E+00 0.000E+00
   -22.00 0.000E+00 0.000E+00 0.000E+00 0.000E+00
   -24.00 0.000E+00 0.000E+00 0.000E+00 0.000E+00
   -26.00 0.000E+00 0.000E+00 0.000E+00 0.000E+00
   -28.00 0.000E+00 0.000E+00 0.000E+00 0.000E+00
   -30.00 0.000E+00 0.000E+00 0.000E+00 0.000E+00
   -32.00 0.000E+00 0.000E+00 0.000E+00 0.000E+00
   -34.00 0.000E+00 0.000E+00 0.000E+00 0.000E+00
   -36.00 0.000E+00 0.000E+00 0.000E+00 0.000E+00
   -38.00 0.000E+00 0.000E+00 0.000E+00 0.000E+00
   -40.00 0.000E+00 0.000E+00 0.000E+00 0.000E+00
   -42.00 0.000E+00 0.000E+00 0.000E+00 0.000E+00
   -44.00 0.000E+00 0.000E+00 0.000E+00 0.000E+00
   -46.00 0.000E+00 0.000E+00 0.000E+00 0.000E+00
   -48.00 0.000E+00 0.000E+00 0.000E+00 0.000E+00
   -50.00 0.000E+00 0.000E+00 0.000E+00 0.000E+00
   -52.00 0.000E+00 0.000E+00 0.000E+00 0.000E+00
   -54.00 0.000E+00 0.000E+00 0.000E+00 0.000E+00
   -56.00 0.000E+00 0.000E+00 0.000E+00 0.000E+00
   -58.00 0.000E+00 0.000E+00 0.000E+00 0.000E+00
   -60.00 0.000E+00 0.000E+00 0.000E+00 0.000E+00
   -62.00 0.000E+00 0.000E+00 0.000E+00 0.000E+00
   -64.00 0.000E+00 0.000E+00 0.000E+00 0.000E+00
   -66.00 0.000E+00 0.000E+00 0.000E+00 0.000E+00
   -68.00 0.000E+00 0.000E+00 0.000E+00 0.000E+00
   -70.00 0.000E+00 0.000E+00 0.000E+00 0.000E+00
   -72.00 0.000E+00 0.000E+00 0.000E+00 0.000E+00
   -74.00 0.000E+00 0.000E+00 0.000E+00 0.000E+00
   -76.00 0.000E+00 0.000E+00 0.000E+00 0.000E+00
   -78.00 0.000E+00 0.000E+00 0.000E+00 0.000E+00
   -80.00 0.000E+00 0.000E+00 0.000E+00 0.000E+00
   -82.00 0.000E+00 0.000E+00 0.000E+00 0.000E+00
   -84.00 0.000E+00 0.000E+00 0.000E+00 0.000E+00
   -86.00 0.000E+00 0.000E+00 0.000E+00 0.000E+00
   -88.00 0.000E+00 0.000E+00 0.000E+00 0.000E+00
