 H^+ production rate [cm^-3 s^-1] from sulfur ion precipitation.
 Input of 1 ion/cm^2/s.
 Alt [km] Production Rate
 2998.00     0.00E+00
 2996.00     2.50E-10
 2994.00     0.00E+00
 2992.00     0.00E+00
 2990.00     0.00E+00
 2988.00     0.00E+00
 2986.00     0.00E+00
 2984.00     0.00E+00
 2982.00     0.00E+00
 2980.00     0.00E+00
 2978.00     0.00E+00
 2976.00     0.00E+00
 2974.00     0.00E+00
 2972.00     0.00E+00
 2970.00     0.00E+00
 2968.00     0.00E+00
 2966.00     0.00E+00
 2964.00     0.00E+00
 2962.00     0.00E+00
 2960.00     0.00E+00
 2958.00     0.00E+00
 2956.00     0.00E+00
 2954.00     0.00E+00
 2952.00     0.00E+00
 2950.00     0.00E+00
 2948.00     0.00E+00
 2946.00     0.00E+00
 2944.00     0.00E+00
 2942.00     0.00E+00
 2940.00     0.00E+00
 2938.00     0.00E+00
 2936.00     0.00E+00
 2934.00     0.00E+00
 2932.00     5.00E-10
 2930.00     0.00E+00
 2928.00     0.00E+00
 2926.00     0.00E+00
 2924.00     0.00E+00
 2922.00     0.00E+00
 2920.00     0.00E+00
 2918.00     0.00E+00
 2916.00     0.00E+00
 2914.00     0.00E+00
 2912.00     2.50E-10
 2910.00     2.50E-10
 2908.00     7.50E-10
 2906.00     0.00E+00
 2904.00     2.50E-10
 2902.00     0.00E+00
 2900.00     0.00E+00
 2898.00     2.50E-10
 2896.00     0.00E+00
 2894.00     0.00E+00
 2892.00     0.00E+00
 2890.00     0.00E+00
 2888.00     0.00E+00
 2886.00     1.00E-09
 2884.00     0.00E+00
 2882.00     0.00E+00
 2880.00     0.00E+00
 2878.00     0.00E+00
 2876.00     0.00E+00
 2874.00     0.00E+00
 2872.00     0.00E+00
 2870.00     2.50E-10
 2868.00     5.00E-10
 2866.00     0.00E+00
 2864.00     0.00E+00
 2862.00     0.00E+00
 2860.00     2.50E-10
 2858.00     0.00E+00
 2856.00     2.50E-10
 2854.00     0.00E+00
 2852.00     2.50E-10
 2850.00     0.00E+00
 2848.00     2.50E-10
 2846.00     0.00E+00
 2844.00     0.00E+00
 2842.00     0.00E+00
 2840.00     0.00E+00
 2838.00     5.00E-10
 2836.00     2.50E-10
 2834.00     0.00E+00
 2832.00     0.00E+00
 2830.00     0.00E+00
 2828.00     0.00E+00
 2826.00     5.00E-10
 2824.00     0.00E+00
 2822.00     0.00E+00
 2820.00     0.00E+00
 2818.00     0.00E+00
 2816.00     0.00E+00
 2814.00     2.50E-10
 2812.00     0.00E+00
 2810.00     0.00E+00
 2808.00     0.00E+00
 2806.00     0.00E+00
 2804.00     2.50E-10
 2802.00     0.00E+00
 2800.00     0.00E+00
 2798.00     0.00E+00
 2796.00     0.00E+00
 2794.00     0.00E+00
 2792.00     0.00E+00
 2790.00     7.50E-10
 2788.00     5.00E-10
 2786.00     0.00E+00
 2784.00     5.00E-10
 2782.00     0.00E+00
 2780.00     5.00E-10
 2778.00     0.00E+00
 2776.00     0.00E+00
 2774.00     0.00E+00
 2772.00     0.00E+00
 2770.00     0.00E+00
 2768.00     0.00E+00
 2766.00     2.50E-10
 2764.00     0.00E+00
 2762.00     0.00E+00
 2760.00     0.00E+00
 2758.00     0.00E+00
 2756.00     5.00E-10
 2754.00     2.50E-10
 2752.00     0.00E+00
 2750.00     0.00E+00
 2748.00     5.00E-10
 2746.00     0.00E+00
 2744.00     0.00E+00
 2742.00     5.00E-10
 2740.00     0.00E+00
 2738.00     5.00E-10
 2736.00     5.00E-10
 2734.00     5.00E-10
 2732.00     5.00E-10
 2730.00     7.50E-10
 2728.00     2.50E-10
 2726.00     0.00E+00
 2724.00     0.00E+00
 2722.00     0.00E+00
 2720.00     5.00E-10
 2718.00     2.50E-10
 2716.00     0.00E+00
 2714.00     2.50E-10
 2712.00     0.00E+00
 2710.00     0.00E+00
 2708.00     0.00E+00
 2706.00     0.00E+00
 2704.00     2.50E-10
 2702.00     0.00E+00
 2700.00     5.00E-10
 2698.00     0.00E+00
 2696.00     0.00E+00
 2694.00     5.00E-10
 2692.00     5.00E-10
 2690.00     5.00E-10
 2688.00     2.50E-10
 2686.00     5.00E-10
 2684.00     0.00E+00
 2682.00     0.00E+00
 2680.00     1.00E-09
 2678.00     2.50E-10
 2676.00     0.00E+00
 2674.00     0.00E+00
 2672.00     0.00E+00
 2670.00     0.00E+00
 2668.00     5.00E-10
 2666.00     2.50E-10
 2664.00     2.50E-10
 2662.00     0.00E+00
 2660.00     0.00E+00
 2658.00     5.00E-10
 2656.00     2.50E-10
 2654.00     0.00E+00
 2652.00     0.00E+00
 2650.00     0.00E+00
 2648.00     0.00E+00
 2646.00     5.00E-10
 2644.00     0.00E+00
 2642.00     2.50E-10
 2640.00     0.00E+00
 2638.00     0.00E+00
 2636.00     0.00E+00
 2634.00     0.00E+00
 2632.00     0.00E+00
 2630.00     0.00E+00
 2628.00     0.00E+00
 2626.00     2.50E-10
 2624.00     0.00E+00
 2622.00     7.50E-10
 2620.00     0.00E+00
 2618.00     2.50E-10
 2616.00     5.00E-10
 2614.00     5.00E-10
 2612.00     7.50E-10
 2610.00     2.50E-10
 2608.00     0.00E+00
 2606.00     0.00E+00
 2604.00     5.00E-10
 2602.00     0.00E+00
 2600.00     5.00E-10
 2598.00     5.00E-10
 2596.00     0.00E+00
 2594.00     0.00E+00
 2592.00     0.00E+00
 2590.00     0.00E+00
 2588.00     1.00E-09
 2586.00     2.50E-10
 2584.00     1.25E-09
 2582.00     5.00E-10
 2580.00     0.00E+00
 2578.00     5.00E-10
 2576.00     0.00E+00
 2574.00     1.75E-09
 2572.00     0.00E+00
 2570.00     5.00E-10
 2568.00     0.00E+00
 2566.00     0.00E+00
 2564.00     5.00E-10
 2562.00     5.00E-10
 2560.00     1.00E-09
 2558.00     1.50E-09
 2556.00     5.00E-10
 2554.00     2.50E-10
 2552.00     0.00E+00
 2550.00     0.00E+00
 2548.00     2.50E-10
 2546.00     0.00E+00
 2544.00     0.00E+00
 2542.00     0.00E+00
 2540.00     5.00E-10
 2538.00     0.00E+00
 2536.00     0.00E+00
 2534.00     7.50E-10
 2532.00     2.50E-10
 2530.00     0.00E+00
 2528.00     5.00E-10
 2526.00     0.00E+00
 2524.00     7.50E-10
 2522.00     5.00E-10
 2520.00     5.00E-10
 2518.00     0.00E+00
 2516.00     7.50E-10
 2514.00     2.50E-10
 2512.00     1.25E-09
 2510.00     7.50E-10
 2508.00     0.00E+00
 2506.00     0.00E+00
 2504.00     0.00E+00
 2502.00     5.00E-10
 2500.00     5.00E-10
 2498.00     0.00E+00
 2496.00     2.50E-10
 2494.00     5.00E-10
 2492.00     1.75E-09
 2490.00     5.00E-10
 2488.00     0.00E+00
 2486.00     1.00E-09
 2484.00     1.00E-09
 2482.00     0.00E+00
 2480.00     2.50E-10
 2478.00     7.50E-10
 2476.00     0.00E+00
 2474.00     0.00E+00
 2472.00     2.50E-10
 2470.00     1.25E-09
 2468.00     5.00E-10
 2466.00     1.25E-09
 2464.00     0.00E+00
 2462.00     5.00E-10
 2460.00     1.50E-09
 2458.00     5.00E-10
 2456.00     7.50E-10
 2454.00     5.00E-10
 2452.00     0.00E+00
 2450.00     0.00E+00
 2448.00     1.50E-09
 2446.00     2.50E-10
 2444.00     7.50E-10
 2442.00     2.50E-10
 2440.00     1.75E-09
 2438.00     1.25E-09
 2436.00     0.00E+00
 2434.00     1.25E-09
 2432.00     5.00E-10
 2430.00     5.00E-10
 2428.00     5.00E-10
 2426.00     5.00E-10
 2424.00     2.50E-09
 2422.00     5.00E-10
 2420.00     0.00E+00
 2418.00     7.50E-10
 2416.00     1.25E-09
 2414.00     5.00E-10
 2412.00     5.00E-10
 2410.00     7.50E-10
 2408.00     7.50E-10
 2406.00     7.50E-10
 2404.00     0.00E+00
 2402.00     1.00E-09
 2400.00     1.25E-09
 2398.00     0.00E+00
 2396.00     1.00E-09
 2394.00     5.00E-10
 2392.00     1.25E-09
 2390.00     7.50E-10
 2388.00     7.50E-10
 2386.00     7.50E-10
 2384.00     2.50E-10
 2382.00     1.00E-09
 2380.00     7.50E-10
 2378.00     2.00E-09
 2376.00     1.75E-09
 2374.00     5.00E-10
 2372.00     1.00E-09
 2370.00     5.00E-10
 2368.00     2.50E-10
 2366.00     5.00E-10
 2364.00     2.50E-10
 2362.00     1.25E-09
 2360.00     2.25E-09
 2358.00     1.25E-09
 2356.00     7.50E-10
 2354.00     1.00E-09
 2352.00     2.50E-09
 2350.00     5.00E-10
 2348.00     1.00E-09
 2346.00     7.50E-10
 2344.00     5.00E-10
 2342.00     5.00E-10
 2340.00     7.50E-10
 2338.00     1.00E-09
 2336.00     2.25E-09
 2334.00     1.00E-09
 2332.00     5.00E-10
 2330.00     5.00E-10
 2328.00     1.00E-09
 2326.00     5.00E-10
 2324.00     1.50E-09
 2322.00     1.50E-09
 2320.00     1.25E-09
 2318.00     5.00E-10
 2316.00     2.50E-10
 2314.00     2.00E-09
 2312.00     5.00E-10
 2310.00     1.50E-09
 2308.00     5.00E-10
 2306.00     1.75E-09
 2304.00     5.00E-10
 2302.00     7.50E-10
 2300.00     1.50E-09
 2298.00     2.50E-09
 2296.00     2.50E-10
 2294.00     1.00E-09
 2292.00     1.25E-09
 2290.00     3.50E-09
 2288.00     7.50E-10
 2286.00     1.75E-09
 2284.00     1.25E-09
 2282.00     2.50E-09
 2280.00     7.50E-10
 2278.00     1.25E-09
 2276.00     1.25E-09
 2274.00     2.00E-09
 2272.00     1.25E-09
 2270.00     1.75E-09
 2268.00     2.00E-09
 2266.00     1.50E-09
 2264.00     1.25E-09
 2262.00     2.50E-09
 2260.00     1.25E-09
 2258.00     1.00E-09
 2256.00     1.50E-09
 2254.00     1.75E-09
 2252.00     1.25E-09
 2250.00     3.00E-09
 2248.00     1.25E-09
 2246.00     2.25E-09
 2244.00     2.50E-09
 2242.00     2.50E-09
 2240.00     3.50E-09
 2238.00     1.50E-09
 2236.00     2.50E-09
 2234.00     1.50E-09
 2232.00     2.75E-09
 2230.00     3.00E-09
 2228.00     3.00E-09
 2226.00     4.00E-09
 2224.00     2.50E-09
 2222.00     1.00E-09
 2220.00     4.25E-09
 2218.00     2.00E-09
 2216.00     3.00E-09
 2214.00     3.50E-09
 2212.00     2.50E-09
 2210.00     2.25E-09
 2208.00     1.25E-09
 2206.00     1.25E-09
 2204.00     3.00E-09
 2202.00     3.00E-09
 2200.00     2.00E-09
 2198.00     1.75E-09
 2196.00     1.75E-09
 2194.00     3.25E-09
 2192.00     3.00E-09
 2190.00     7.50E-10
 2188.00     3.00E-09
 2186.00     2.00E-09
 2184.00     5.00E-09
 2182.00     2.50E-09
 2180.00     7.50E-10
 2178.00     5.75E-09
 2176.00     3.75E-09
 2174.00     1.00E-09
 2172.00     2.25E-09
 2170.00     3.00E-09
 2168.00     3.00E-09
 2166.00     3.25E-09
 2164.00     3.25E-09
 2162.00     4.25E-09
 2160.00     1.00E-09
 2158.00     3.00E-09
 2156.00     1.50E-09
 2154.00     3.00E-09
 2152.00     2.75E-09
 2150.00     3.00E-09
 2148.00     2.00E-09
 2146.00     3.50E-09
 2144.00     3.50E-09
 2142.00     1.75E-09
 2140.00     2.50E-09
 2138.00     3.25E-09
 2136.00     3.00E-09
 2134.00     5.50E-09
 2132.00     2.00E-09
 2130.00     3.25E-09
 2128.00     5.00E-09
 2126.00     3.50E-09
 2124.00     5.50E-09
 2122.00     3.50E-09
 2120.00     1.25E-09
 2118.00     2.75E-09
 2116.00     6.50E-09
 2114.00     5.50E-09
 2112.00     5.50E-09
 2110.00     5.75E-09
 2108.00     3.50E-09
 2106.00     3.75E-09
 2104.00     4.25E-09
 2102.00     3.25E-09
 2100.00     4.00E-09
 2098.00     6.25E-09
 2096.00     5.00E-09
 2094.00     3.75E-09
 2092.00     9.25E-09
 2090.00     3.50E-09
 2088.00     6.50E-09
 2086.00     3.25E-09
 2084.00     4.25E-09
 2082.00     5.00E-09
 2080.00     2.50E-09
 2078.00     6.25E-09
 2076.00     7.25E-09
 2074.00     5.25E-09
 2072.00     4.75E-09
 2070.00     2.75E-09
 2068.00     5.75E-09
 2066.00     4.25E-09
 2064.00     3.00E-09
 2062.00     8.75E-09
 2060.00     5.50E-09
 2058.00     4.25E-09
 2056.00     4.25E-09
 2054.00     4.50E-09
 2052.00     8.75E-09
 2050.00     7.00E-09
 2048.00     6.00E-09
 2046.00     5.50E-09
 2044.00     6.75E-09
 2042.00     4.50E-09
 2040.00     5.25E-09
 2038.00     7.25E-09
 2036.00     2.00E-09
 2034.00     6.25E-09
 2032.00     5.50E-09
 2030.00     4.50E-09
 2028.00     6.25E-09
 2026.00     8.75E-09
 2024.00     5.00E-09
 2022.00     7.00E-09
 2020.00     4.75E-09
 2018.00     5.25E-09
 2016.00     8.25E-09
 2014.00     7.75E-09
 2012.00     3.00E-09
 2010.00     7.25E-09
 2008.00     7.50E-09
 2006.00     7.25E-09
 2004.00     8.75E-09
 2002.00     6.50E-09
 2000.00     6.00E-09
 1998.00     8.50E-09
 1996.00     6.25E-09
 1994.00     6.75E-09
 1992.00     8.75E-09
 1990.00     6.00E-09
 1988.00     7.00E-09
 1986.00     8.75E-09
 1984.00     1.00E-08
 1982.00     8.00E-09
 1980.00     4.50E-09
 1978.00     7.75E-09
 1976.00     9.50E-09
 1974.00     1.10E-08
 1972.00     1.02E-08
 1970.00     5.50E-09
 1968.00     4.50E-09
 1966.00     6.50E-09
 1964.00     5.50E-09
 1962.00     8.50E-09
 1960.00     1.12E-08
 1958.00     1.02E-08
 1956.00     9.00E-09
 1954.00     9.25E-09
 1952.00     1.10E-08
 1950.00     1.07E-08
 1948.00     5.75E-09
 1946.00     7.00E-09
 1944.00     9.50E-09
 1942.00     6.00E-09
 1940.00     6.00E-09
 1938.00     1.02E-08
 1936.00     7.00E-09
 1934.00     9.50E-09
 1932.00     8.75E-09
 1930.00     8.25E-09
 1928.00     7.75E-09
 1926.00     8.25E-09
 1924.00     1.05E-08
 1922.00     8.75E-09
 1920.00     1.07E-08
 1918.00     7.25E-09
 1916.00     8.00E-09
 1914.00     1.35E-08
 1912.00     8.50E-09
 1910.00     1.05E-08
 1908.00     9.00E-09
 1906.00     8.50E-09
 1904.00     1.25E-08
 1902.00     1.45E-08
 1900.00     1.15E-08
 1898.00     7.00E-09
 1896.00     1.07E-08
 1894.00     1.10E-08
 1892.00     1.05E-08
 1890.00     1.40E-08
 1888.00     1.07E-08
 1886.00     7.50E-09
 1884.00     9.25E-09
 1882.00     1.02E-08
 1880.00     1.30E-08
 1878.00     8.75E-09
 1876.00     1.02E-08
 1874.00     1.07E-08
 1872.00     9.50E-09
 1870.00     1.12E-08
 1868.00     1.20E-08
 1866.00     1.50E-08
 1864.00     1.22E-08
 1862.00     9.75E-09
 1860.00     1.25E-08
 1858.00     1.02E-08
 1856.00     9.75E-09
 1854.00     9.75E-09
 1852.00     1.42E-08
 1850.00     1.15E-08
 1848.00     1.40E-08
 1846.00     1.00E-08
 1844.00     9.75E-09
 1842.00     1.37E-08
 1840.00     1.20E-08
 1838.00     1.02E-08
 1836.00     8.50E-09
 1834.00     1.40E-08
 1832.00     1.07E-08
 1830.00     1.17E-08
 1828.00     1.10E-08
 1826.00     1.40E-08
 1824.00     1.27E-08
 1822.00     8.75E-09
 1820.00     1.35E-08
 1818.00     8.75E-09
 1816.00     9.75E-09
 1814.00     1.05E-08
 1812.00     1.05E-08
 1810.00     1.15E-08
 1808.00     8.25E-09
 1806.00     1.05E-08
 1804.00     1.45E-08
 1802.00     1.12E-08
 1800.00     1.22E-08
 1798.00     1.10E-08
 1796.00     1.07E-08
 1794.00     1.40E-08
 1792.00     1.50E-08
 1790.00     1.35E-08
 1788.00     1.85E-08
 1786.00     1.20E-08
 1784.00     1.52E-08
 1782.00     1.35E-08
 1780.00     1.32E-08
 1778.00     1.17E-08
 1776.00     1.40E-08
 1774.00     1.02E-08
 1772.00     1.27E-08
 1770.00     1.02E-08
 1768.00     1.25E-08
 1766.00     1.22E-08
 1764.00     1.87E-08
 1762.00     1.07E-08
 1760.00     1.52E-08
 1758.00     1.57E-08
 1756.00     9.75E-09
 1754.00     1.32E-08
 1752.00     1.37E-08
 1750.00     1.95E-08
 1748.00     1.52E-08
 1746.00     1.65E-08
 1744.00     1.40E-08
 1742.00     1.22E-08
 1740.00     1.25E-08
 1738.00     1.52E-08
 1736.00     1.47E-08
 1734.00     1.82E-08
 1732.00     1.80E-08
 1730.00     1.85E-08
 1728.00     9.50E-09
 1726.00     1.47E-08
 1724.00     1.40E-08
 1722.00     1.45E-08
 1720.00     1.37E-08
 1718.00     1.55E-08
 1716.00     1.10E-08
 1714.00     1.17E-08
 1712.00     1.45E-08
 1710.00     1.60E-08
 1708.00     1.52E-08
 1706.00     1.25E-08
 1704.00     1.70E-08
 1702.00     1.15E-08
 1700.00     1.20E-08
 1698.00     1.52E-08
 1696.00     9.75E-09
 1694.00     1.60E-08
 1692.00     1.15E-08
 1690.00     1.97E-08
 1688.00     1.52E-08
 1686.00     1.77E-08
 1684.00     1.47E-08
 1682.00     1.67E-08
 1680.00     1.02E-08
 1678.00     1.50E-08
 1676.00     1.00E-08
 1674.00     1.75E-08
 1672.00     1.75E-08
 1670.00     1.17E-08
 1668.00     1.92E-08
 1666.00     1.57E-08
 1664.00     1.22E-08
 1662.00     1.92E-08
 1660.00     1.27E-08
 1658.00     1.77E-08
 1656.00     1.95E-08
 1654.00     1.80E-08
 1652.00     1.37E-08
 1650.00     1.57E-08
 1648.00     1.85E-08
 1646.00     1.10E-08
 1644.00     1.70E-08
 1642.00     1.30E-08
 1640.00     1.95E-08
 1638.00     1.72E-08
 1636.00     1.67E-08
 1634.00     1.80E-08
 1632.00     1.62E-08
 1630.00     1.45E-08
 1628.00     2.05E-08
 1626.00     1.57E-08
 1624.00     1.92E-08
 1622.00     1.95E-08
 1620.00     1.72E-08
 1618.00     1.97E-08
 1616.00     1.72E-08
 1614.00     1.90E-08
 1612.00     1.77E-08
 1610.00     1.70E-08
 1608.00     1.67E-08
 1606.00     1.92E-08
 1604.00     1.77E-08
 1602.00     1.45E-08
 1600.00     1.40E-08
 1598.00     1.72E-08
 1596.00     2.05E-08
 1594.00     1.67E-08
 1592.00     2.02E-08
 1590.00     1.92E-08
 1588.00     1.72E-08
 1586.00     2.05E-08
 1584.00     1.65E-08
 1582.00     1.55E-08
 1580.00     2.10E-08
 1578.00     2.60E-08
 1576.00     2.10E-08
 1574.00     1.97E-08
 1572.00     2.30E-08
 1570.00     1.82E-08
 1568.00     1.90E-08
 1566.00     1.95E-08
 1564.00     2.15E-08
 1562.00     1.97E-08
 1560.00     2.35E-08
 1558.00     2.45E-08
 1556.00     2.82E-08
 1554.00     2.27E-08
 1552.00     2.95E-08
 1550.00     2.17E-08
 1548.00     2.32E-08
 1546.00     2.52E-08
 1544.00     2.45E-08
 1542.00     2.30E-08
 1540.00     2.20E-08
 1538.00     2.35E-08
 1536.00     2.32E-08
 1534.00     2.70E-08
 1532.00     2.55E-08
 1530.00     2.00E-08
 1528.00     2.87E-08
 1526.00     2.65E-08
 1524.00     2.50E-08
 1522.00     2.65E-08
 1520.00     2.35E-08
 1518.00     2.87E-08
 1516.00     3.25E-08
 1514.00     2.90E-08
 1512.00     3.20E-08
 1510.00     3.27E-08
 1508.00     2.90E-08
 1506.00     2.80E-08
 1504.00     2.82E-08
 1502.00     2.47E-08
 1500.00     2.85E-08
 1498.00     2.92E-08
 1496.00     2.57E-08
 1494.00     3.38E-08
 1492.00     3.52E-08
 1490.00     2.97E-08
 1488.00     3.32E-08
 1486.00     3.35E-08
 1484.00     3.57E-08
 1482.00     3.18E-08
 1480.00     3.50E-08
 1478.00     3.03E-08
 1476.00     3.47E-08
 1474.00     3.52E-08
 1472.00     3.68E-08
 1470.00     3.32E-08
 1468.00     2.82E-08
 1466.00     3.60E-08
 1464.00     4.02E-08
 1462.00     3.37E-08
 1460.00     4.32E-08
 1458.00     3.62E-08
 1456.00     3.43E-08
 1454.00     2.78E-08
 1452.00     4.50E-08
 1450.00     3.52E-08
 1448.00     4.58E-08
 1446.00     4.28E-08
 1444.00     4.07E-08
 1442.00     3.82E-08
 1440.00     4.35E-08
 1438.00     4.20E-08
 1436.00     4.13E-08
 1434.00     3.75E-08
 1432.00     4.28E-08
 1430.00     4.88E-08
 1428.00     4.93E-08
 1426.00     3.95E-08
 1424.00     5.08E-08
 1422.00     4.27E-08
 1420.00     4.15E-08
 1418.00     3.35E-08
 1416.00     4.68E-08
 1414.00     5.03E-08
 1412.00     5.15E-08
 1410.00     5.88E-08
 1408.00     5.33E-08
 1406.00     4.18E-08
 1404.00     5.08E-08
 1402.00     5.38E-08
 1400.00     5.13E-08
 1398.00     5.20E-08
 1396.00     5.40E-08
 1394.00     5.90E-08
 1392.00     5.60E-08
 1390.00     6.43E-08
 1388.00     6.43E-08
 1386.00     5.08E-08
 1384.00     5.88E-08
 1382.00     5.83E-08
 1380.00     6.08E-08
 1378.00     6.18E-08
 1376.00     6.13E-08
 1374.00     6.30E-08
 1372.00     5.88E-08
 1370.00     6.43E-08
 1368.00     5.95E-08
 1366.00     6.45E-08
 1364.00     6.13E-08
 1362.00     7.15E-08
 1360.00     7.10E-08
 1358.00     6.10E-08
 1356.00     6.85E-08
 1354.00     6.48E-08
 1352.00     6.55E-08
 1350.00     7.50E-08
 1348.00     7.13E-08
 1346.00     7.48E-08
 1344.00     7.35E-08
 1342.00     8.35E-08
 1340.00     7.18E-08
 1338.00     8.13E-08
 1336.00     7.45E-08
 1334.00     7.30E-08
 1332.00     7.45E-08
 1330.00     7.55E-08
 1328.00     7.53E-08
 1326.00     8.95E-08
 1324.00     7.55E-08
 1322.00     8.45E-08
 1320.00     9.03E-08
 1318.00     8.00E-08
 1316.00     8.85E-08
 1314.00     9.45E-08
 1312.00     9.05E-08
 1310.00     9.05E-08
 1308.00     9.13E-08
 1306.00     9.80E-08
 1304.00     9.48E-08
 1302.00     8.55E-08
 1300.00     8.52E-08
 1298.00     9.53E-08
 1296.00     9.28E-08
 1294.00     9.28E-08
 1292.00     9.38E-08
 1290.00     9.58E-08
 1288.00     9.68E-08
 1286.00     9.60E-08
 1284.00     1.06E-07
 1282.00     1.07E-07
 1280.00     8.63E-08
 1278.00     1.08E-07
 1276.00     1.08E-07
 1274.00     1.09E-07
 1272.00     1.30E-07
 1270.00     1.09E-07
 1268.00     1.15E-07
 1266.00     1.12E-07
 1264.00     1.10E-07
 1262.00     1.18E-07
 1260.00     1.11E-07
 1258.00     1.34E-07
 1256.00     1.19E-07
 1254.00     1.33E-07
 1252.00     1.19E-07
 1250.00     1.32E-07
 1248.00     1.41E-07
 1246.00     1.31E-07
 1244.00     1.33E-07
 1242.00     1.42E-07
 1240.00     1.44E-07
 1238.00     1.36E-07
 1236.00     1.37E-07
 1234.00     1.52E-07
 1232.00     1.25E-07
 1230.00     1.48E-07
 1228.00     1.39E-07
 1226.00     1.44E-07
 1224.00     1.40E-07
 1222.00     1.56E-07
 1220.00     1.54E-07
 1218.00     1.62E-07
 1216.00     1.63E-07
 1214.00     1.65E-07
 1212.00     1.65E-07
 1210.00     1.75E-07
 1208.00     1.69E-07
 1206.00     1.80E-07
 1204.00     1.80E-07
 1202.00     1.76E-07
 1200.00     1.72E-07
 1198.00     1.83E-07
 1196.00     1.72E-07
 1194.00     1.84E-07
 1192.00     1.76E-07
 1190.00     1.70E-07
 1188.00     1.92E-07
 1186.00     1.71E-07
 1184.00     1.87E-07
 1182.00     1.98E-07
 1180.00     1.76E-07
 1178.00     1.80E-07
 1176.00     1.92E-07
 1174.00     1.94E-07
 1172.00     2.00E-07
 1170.00     2.17E-07
 1168.00     2.08E-07
 1166.00     2.19E-07
 1164.00     2.10E-07
 1162.00     2.15E-07
 1160.00     2.36E-07
 1158.00     2.23E-07
 1156.00     2.17E-07
 1154.00     2.16E-07
 1152.00     2.22E-07
 1150.00     2.35E-07
 1148.00     2.25E-07
 1146.00     2.23E-07
 1144.00     2.34E-07
 1142.00     2.57E-07
 1140.00     2.34E-07
 1138.00     2.64E-07
 1136.00     2.57E-07
 1134.00     2.66E-07
 1132.00     2.62E-07
 1130.00     2.50E-07
 1128.00     2.56E-07
 1126.00     2.46E-07
 1124.00     2.88E-07
 1122.00     3.03E-07
 1120.00     2.70E-07
 1118.00     2.93E-07
 1116.00     2.81E-07
 1114.00     2.98E-07
 1112.00     2.82E-07
 1110.00     2.92E-07
 1108.00     2.91E-07
 1106.00     3.46E-07
 1104.00     3.23E-07
 1102.00     3.20E-07
 1100.00     3.11E-07
 1098.00     3.20E-07
 1096.00     3.09E-07
 1094.00     3.10E-07
 1092.00     3.42E-07
 1090.00     3.55E-07
 1088.00     3.30E-07
 1086.00     3.29E-07
 1084.00     3.49E-07
 1082.00     3.54E-07
 1080.00     3.57E-07
 1078.00     3.55E-07
 1076.00     3.76E-07
 1074.00     3.60E-07
 1072.00     3.73E-07
 1070.00     3.58E-07
 1068.00     3.92E-07
 1066.00     4.07E-07
 1064.00     3.71E-07
 1062.00     3.98E-07
 1060.00     4.11E-07
 1058.00     3.88E-07
 1056.00     4.27E-07
 1054.00     4.09E-07
 1052.00     4.19E-07
 1050.00     4.27E-07
 1048.00     4.45E-07
 1046.00     4.43E-07
 1044.00     4.45E-07
 1042.00     4.48E-07
 1040.00     4.52E-07
 1038.00     4.71E-07
 1036.00     4.85E-07
 1034.00     4.72E-07
 1032.00     4.96E-07
 1030.00     4.79E-07
 1028.00     4.98E-07
 1026.00     4.84E-07
 1024.00     5.04E-07
 1022.00     5.05E-07
 1020.00     5.17E-07
 1018.00     5.02E-07
 1016.00     5.21E-07
 1014.00     5.09E-07
 1012.00     5.31E-07
 1010.00     5.40E-07
 1008.00     5.46E-07
 1006.00     5.61E-07
 1004.00     5.36E-07
 1002.00     5.61E-07
 1000.00     5.73E-07
  998.00     5.84E-07
  996.00     6.07E-07
  994.00     6.20E-07
  992.00     6.15E-07
  990.00     6.02E-07
  988.00     6.30E-07
  986.00     6.26E-07
  984.00     6.03E-07
  982.00     6.43E-07
  980.00     6.51E-07
  978.00     6.76E-07
  976.00     6.86E-07
  974.00     6.75E-07
  972.00     7.22E-07
  970.00     6.93E-07
  968.00     7.36E-07
  966.00     7.20E-07
  964.00     7.17E-07
  962.00     7.30E-07
  960.00     7.07E-07
  958.00     7.55E-07
  956.00     7.53E-07
  954.00     7.45E-07
  952.00     7.58E-07
  950.00     7.52E-07
  948.00     7.87E-07
  946.00     8.18E-07
  944.00     8.03E-07
  942.00     8.26E-07
  940.00     8.41E-07
  938.00     8.40E-07
  936.00     8.59E-07
  934.00     8.73E-07
  932.00     8.59E-07
  930.00     9.26E-07
  928.00     9.12E-07
  926.00     9.30E-07
  924.00     8.87E-07
  922.00     9.59E-07
  920.00     8.99E-07
  918.00     9.10E-07
  916.00     9.74E-07
  914.00     9.98E-07
  912.00     9.71E-07
  910.00     1.01E-06
  908.00     1.02E-06
  906.00     1.04E-06
  904.00     1.05E-06
  902.00     1.03E-06
  900.00     1.03E-06
  898.00     1.03E-06
  896.00     1.10E-06
  894.00     1.08E-06
  892.00     1.12E-06
  890.00     1.12E-06
  888.00     1.15E-06
  886.00     1.16E-06
  884.00     1.18E-06
  882.00     1.17E-06
  880.00     1.19E-06
  878.00     1.17E-06
  876.00     1.15E-06
  874.00     1.23E-06
  872.00     1.24E-06
  870.00     1.24E-06
  868.00     1.26E-06
  866.00     1.30E-06
  864.00     1.27E-06
  862.00     1.32E-06
  860.00     1.29E-06
  858.00     1.34E-06
  856.00     1.40E-06
  854.00     1.41E-06
  852.00     1.36E-06
  850.00     1.41E-06
  848.00     1.41E-06
  846.00     1.42E-06
  844.00     1.46E-06
  842.00     1.48E-06
  840.00     1.55E-06
  838.00     1.47E-06
  836.00     1.55E-06
  834.00     1.54E-06
  832.00     1.57E-06
  830.00     1.55E-06
  828.00     1.59E-06
  826.00     1.63E-06
  824.00     1.72E-06
  822.00     1.66E-06
  820.00     1.64E-06
  818.00     1.76E-06
  816.00     1.73E-06
  814.00     1.74E-06
  812.00     1.75E-06
  810.00     1.80E-06
  808.00     1.75E-06
  806.00     1.83E-06
  804.00     1.83E-06
  802.00     1.89E-06
  800.00     1.85E-06
  798.00     1.94E-06
  796.00     1.94E-06
  794.00     1.95E-06
  792.00     1.96E-06
  790.00     2.02E-06
  788.00     2.03E-06
  786.00     2.04E-06
  784.00     2.13E-06
  782.00     2.09E-06
  780.00     2.11E-06
  778.00     2.14E-06
  776.00     2.18E-06
  774.00     2.17E-06
  772.00     2.27E-06
  770.00     2.22E-06
  768.00     2.30E-06
  766.00     2.32E-06
  764.00     2.33E-06
  762.00     2.36E-06
  760.00     2.37E-06
  758.00     2.37E-06
  756.00     2.44E-06
  754.00     2.45E-06
  752.00     2.46E-06
  750.00     2.48E-06
  748.00     2.55E-06
  746.00     2.57E-06
  744.00     2.58E-06
  742.00     2.60E-06
  740.00     2.63E-06
  738.00     2.71E-06
  736.00     2.73E-06
  734.00     2.76E-06
  732.00     2.78E-06
  730.00     2.83E-06
  728.00     2.90E-06
  726.00     2.89E-06
  724.00     2.89E-06
  722.00     2.95E-06
  720.00     2.99E-06
  718.00     2.99E-06
  716.00     3.10E-06
  714.00     3.11E-06
  712.00     3.15E-06
  710.00     3.18E-06
  708.00     3.24E-06
  706.00     3.28E-06
  704.00     3.28E-06
  702.00     3.31E-06
  700.00     3.33E-06
  698.00     3.42E-06
  696.00     3.41E-06
  694.00     3.40E-06
  692.00     3.43E-06
  690.00     3.52E-06
  688.00     3.54E-06
  686.00     3.64E-06
  684.00     3.68E-06
  682.00     3.67E-06
  680.00     3.76E-06
  678.00     3.78E-06
  676.00     3.78E-06
  674.00     3.87E-06
  672.00     3.92E-06
  670.00     3.93E-06
  668.00     4.03E-06
  666.00     4.07E-06
  664.00     4.03E-06
  662.00     4.22E-06
  660.00     4.25E-06
  658.00     4.25E-06
  656.00     4.33E-06
  654.00     4.38E-06
  652.00     4.42E-06
  650.00     4.41E-06
  648.00     4.48E-06
  646.00     4.55E-06
  644.00     4.58E-06
  642.00     4.64E-06
  640.00     4.71E-06
  638.00     4.73E-06
  636.00     4.90E-06
  634.00     4.88E-06
  632.00     4.86E-06
  630.00     4.86E-06
  628.00     5.00E-06
  626.00     5.05E-06
  624.00     5.14E-06
  622.00     5.15E-06
  620.00     5.23E-06
  618.00     5.33E-06
  616.00     5.31E-06
  614.00     5.33E-06
  612.00     5.46E-06
  610.00     5.46E-06
  608.00     5.50E-06
  606.00     5.70E-06
  604.00     5.62E-06
  602.00     5.62E-06
  600.00     5.76E-06
  598.00     5.84E-06
  596.00     5.82E-06
  594.00     5.84E-06
  592.00     5.91E-06
  590.00     5.98E-06
  588.00     6.09E-06
  586.00     6.20E-06
  584.00     6.26E-06
  582.00     6.28E-06
  580.00     6.29E-06
  578.00     6.29E-06
  576.00     6.47E-06
  574.00     6.54E-06
  572.00     6.49E-06
  570.00     6.49E-06
  568.00     6.63E-06
  566.00     6.79E-06
  564.00     6.61E-06
  562.00     6.84E-06
  560.00     6.89E-06
  558.00     6.90E-06
  556.00     7.01E-06
  554.00     7.14E-06
  552.00     7.06E-06
  550.00     7.17E-06
  548.00     7.18E-06
  546.00     7.22E-06
  544.00     7.32E-06
  542.00     7.29E-06
  540.00     7.37E-06
  538.00     7.31E-06
  536.00     7.50E-06
  534.00     7.53E-06
  532.00     7.56E-06
  530.00     7.63E-06
  528.00     7.73E-06
  526.00     7.62E-06
  524.00     7.82E-06
  522.00     7.79E-06
  520.00     7.69E-06
  518.00     7.88E-06
  516.00     8.00E-06
  514.00     7.94E-06
  512.00     7.95E-06
  510.00     7.89E-06
  508.00     7.95E-06
  506.00     7.98E-06
  504.00     7.95E-06
  502.00     7.90E-06
  500.00     7.95E-06
  498.00     7.98E-06
  496.00     8.03E-06
  494.00     7.95E-06
  492.00     8.02E-06
  490.00     7.95E-06
  488.00     7.86E-06
  486.00     7.95E-06
  484.00     7.87E-06
  482.00     7.75E-06
  480.00     7.77E-06
  478.00     7.80E-06
  476.00     7.70E-06
  474.00     7.58E-06
  472.00     7.55E-06
  470.00     7.44E-06
  468.00     7.36E-06
  466.00     7.22E-06
  464.00     7.02E-06
  462.00     6.85E-06
  460.00     6.65E-06
  458.00     6.50E-06
  456.00     6.25E-06
  454.00     6.02E-06
  452.00     5.83E-06
  450.00     5.61E-06
  448.00     5.29E-06
  446.00     5.06E-06
  444.00     4.72E-06
  442.00     4.50E-06
  440.00     4.09E-06
  438.00     3.84E-06
  436.00     3.56E-06
  434.00     3.25E-06
  432.00     2.94E-06
  430.00     2.64E-06
  428.00     2.41E-06
  426.00     2.11E-06
  424.00     1.72E-06
  422.00     1.50E-06
  420.00     1.22E-06
  418.00     1.02E-06
  416.00     7.88E-07
  414.00     6.63E-07
  412.00     5.01E-07
  410.00     3.67E-07
  408.00     2.51E-07
  406.00     2.04E-07
  404.00     1.18E-07
  402.00     9.58E-08
  400.00     6.28E-08
  398.00     4.08E-08
  396.00     2.80E-08
  394.00     1.48E-08
  392.00     4.25E-09
  390.00     2.50E-09
  388.00     0.00E+00
  386.00     0.00E+00
  384.00     0.00E+00
  382.00     0.00E+00
  380.00     0.00E+00
  378.00     0.00E+00
  376.00     0.00E+00
  374.00     0.00E+00
  372.00     0.00E+00
  370.00     0.00E+00
  368.00     0.00E+00
  366.00     0.00E+00
  364.00     0.00E+00
  362.00     0.00E+00
  360.00     0.00E+00
  358.00     0.00E+00
  356.00     0.00E+00
  354.00     0.00E+00
  352.00     0.00E+00
  350.00     0.00E+00
  348.00     0.00E+00
  346.00     0.00E+00
  344.00     0.00E+00
  342.00     0.00E+00
  340.00     0.00E+00
  338.00     0.00E+00
  336.00     0.00E+00
  334.00     0.00E+00
  332.00     0.00E+00
  330.00     0.00E+00
  328.00     0.00E+00
  326.00     0.00E+00
  324.00     0.00E+00
  322.00     0.00E+00
  320.00     0.00E+00
  318.00     0.00E+00
  316.00     0.00E+00
  314.00     0.00E+00
  312.00     0.00E+00
  310.00     0.00E+00
  308.00     0.00E+00
  306.00     0.00E+00
  304.00     0.00E+00
  302.00     0.00E+00
  300.00     0.00E+00
  298.00     0.00E+00
  296.00     0.00E+00
  294.00     0.00E+00
  292.00     0.00E+00
  290.00     0.00E+00
  288.00     0.00E+00
  286.00     0.00E+00
  284.00     0.00E+00
  282.00     0.00E+00
  280.00     0.00E+00
  278.00     0.00E+00
  276.00     0.00E+00
  274.00     0.00E+00
  272.00     0.00E+00
  270.00     0.00E+00
  268.00     0.00E+00
  266.00     0.00E+00
  264.00     0.00E+00
  262.00     0.00E+00
  260.00     0.00E+00
  258.00     0.00E+00
  256.00     0.00E+00
  254.00     0.00E+00
  252.00     0.00E+00
  250.00     0.00E+00
  248.00     0.00E+00
  246.00     0.00E+00
  244.00     0.00E+00
  242.00     0.00E+00
  240.00     0.00E+00
  238.00     0.00E+00
  236.00     0.00E+00
  234.00     0.00E+00
  232.00     0.00E+00
  230.00     0.00E+00
  228.00     0.00E+00
  226.00     0.00E+00
  224.00     0.00E+00
  222.00     0.00E+00
  220.00     0.00E+00
  218.00     0.00E+00
  216.00     0.00E+00
  214.00     0.00E+00
  212.00     0.00E+00
  210.00     0.00E+00
  208.00     0.00E+00
  206.00     0.00E+00
  204.00     0.00E+00
  202.00     0.00E+00
  200.00     0.00E+00
  198.00     0.00E+00
  196.00     0.00E+00
  194.00     0.00E+00
  192.00     0.00E+00
  190.00     0.00E+00
  188.00     0.00E+00
  186.00     0.00E+00
  184.00     0.00E+00
  182.00     0.00E+00
  180.00     0.00E+00
  178.00     0.00E+00
  176.00     0.00E+00
  174.00     0.00E+00
  172.00     0.00E+00
  170.00     0.00E+00
  168.00     0.00E+00
  166.00     0.00E+00
  164.00     0.00E+00
  162.00     0.00E+00
  160.00     0.00E+00
  158.00     0.00E+00
  156.00     0.00E+00
  154.00     0.00E+00
  152.00     0.00E+00
  150.00     0.00E+00
  148.00     0.00E+00
  146.00     0.00E+00
  144.00     0.00E+00
  142.00     0.00E+00
  140.00     0.00E+00
  138.00     0.00E+00
  136.00     0.00E+00
  134.00     0.00E+00
  132.00     0.00E+00
  130.00     0.00E+00
  128.00     0.00E+00
  126.00     0.00E+00
  124.00     0.00E+00
  122.00     0.00E+00
  120.00     0.00E+00
  118.00     0.00E+00
  116.00     0.00E+00
  114.00     0.00E+00
  112.00     0.00E+00
  110.00     0.00E+00
  108.00     0.00E+00
  106.00     0.00E+00
  104.00     0.00E+00
  102.00     0.00E+00
  100.00     0.00E+00
   98.00     0.00E+00
   96.00     0.00E+00
   94.00     0.00E+00
   92.00     0.00E+00
   90.00     0.00E+00
   88.00     0.00E+00
   86.00     0.00E+00
   84.00     0.00E+00
   82.00     0.00E+00
   80.00     0.00E+00
   78.00     0.00E+00
   76.00     0.00E+00
   74.00     0.00E+00
   72.00     0.00E+00
   70.00     0.00E+00
   68.00     0.00E+00
   66.00     0.00E+00
   64.00     0.00E+00
   62.00     0.00E+00
   60.00     0.00E+00
   58.00     0.00E+00
   56.00     0.00E+00
   54.00     0.00E+00
   52.00     0.00E+00
   50.00     0.00E+00
   48.00     0.00E+00
   46.00     0.00E+00
   44.00     0.00E+00
   42.00     0.00E+00
   40.00     0.00E+00
   38.00     0.00E+00
   36.00     0.00E+00
   34.00     0.00E+00
   32.00     0.00E+00
   30.00     0.00E+00
   28.00     0.00E+00
   26.00     0.00E+00
   24.00     0.00E+00
   22.00     0.00E+00
   20.00     0.00E+00
   18.00     0.00E+00
   16.00     0.00E+00
   14.00     0.00E+00
   12.00     0.00E+00
   10.00     0.00E+00
    8.00     0.00E+00
    6.00     0.00E+00
    4.00     0.00E+00
    2.00     0.00E+00
    0.00     0.00E+00
   -2.00     0.00E+00
   -4.00     0.00E+00
   -6.00     0.00E+00
   -8.00     0.00E+00
  -10.00     0.00E+00
  -12.00     0.00E+00
  -14.00     0.00E+00
  -16.00     0.00E+00
  -18.00     0.00E+00
  -20.00     0.00E+00
  -22.00     0.00E+00
  -24.00     0.00E+00
  -26.00     0.00E+00
  -28.00     0.00E+00
  -30.00     0.00E+00
  -32.00     0.00E+00
  -34.00     0.00E+00
  -36.00     0.00E+00
  -38.00     0.00E+00
  -40.00     0.00E+00
  -42.00     0.00E+00
  -44.00     0.00E+00
  -46.00     0.00E+00
  -48.00     0.00E+00
  -50.00     0.00E+00
  -52.00     0.00E+00
  -54.00     0.00E+00
  -56.00     0.00E+00
  -58.00     0.00E+00
  -60.00     0.00E+00
  -62.00     0.00E+00
  -64.00     0.00E+00
  -66.00     0.00E+00
  -68.00     0.00E+00
  -70.00     0.00E+00
  -72.00     0.00E+00
  -74.00     0.00E+00
  -76.00     0.00E+00
  -78.00     0.00E+00
  -80.00     0.00E+00
  -82.00     0.00E+00
  -84.00     0.00E+00
  -86.00     0.00E+00
  -88.00     0.00E+00
