 H_2 excitation rate [cm^-3 s^-1] from oxygen ion precipitation.
 Input of 1 ion/cm^2/s.
 H_2 is only excited from a single NSIM process, TEX.
 Alt [km] Production Rate
 2998.00  2.49E-10
 2996.00  0.00E+00
 2994.00  0.00E+00
 2992.00  4.98E-10
 2990.00  0.00E+00
 2988.00  0.00E+00
 2986.00  0.00E+00
 2984.00  0.00E+00
 2982.00  0.00E+00
 2980.00  0.00E+00
 2978.00  2.49E-10
 2976.00  0.00E+00
 2974.00  0.00E+00
 2972.00  4.98E-10
 2970.00  0.00E+00
 2968.00  2.49E-10
 2966.00  0.00E+00
 2964.00  0.00E+00
 2962.00  0.00E+00
 2960.00  0.00E+00
 2958.00  0.00E+00
 2956.00  2.49E-10
 2954.00  0.00E+00
 2952.00  0.00E+00
 2950.00  2.49E-10
 2948.00  0.00E+00
 2946.00  0.00E+00
 2944.00  0.00E+00
 2942.00  0.00E+00
 2940.00  0.00E+00
 2938.00  0.00E+00
 2936.00  2.49E-10
 2934.00  2.49E-10
 2932.00  2.49E-10
 2930.00  2.49E-10
 2928.00  0.00E+00
 2926.00  2.49E-10
 2924.00  0.00E+00
 2922.00  0.00E+00
 2920.00  0.00E+00
 2918.00  0.00E+00
 2916.00  0.00E+00
 2914.00  2.49E-10
 2912.00  0.00E+00
 2910.00  0.00E+00
 2908.00  0.00E+00
 2906.00  2.49E-10
 2904.00  0.00E+00
 2902.00  0.00E+00
 2900.00  0.00E+00
 2898.00  0.00E+00
 2896.00  0.00E+00
 2894.00  2.49E-10
 2892.00  0.00E+00
 2890.00  0.00E+00
 2888.00  2.49E-10
 2886.00  0.00E+00
 2884.00  0.00E+00
 2882.00  0.00E+00
 2880.00  0.00E+00
 2878.00  0.00E+00
 2876.00  0.00E+00
 2874.00  2.49E-10
 2872.00  0.00E+00
 2870.00  0.00E+00
 2868.00  0.00E+00
 2866.00  0.00E+00
 2864.00  0.00E+00
 2862.00  2.49E-10
 2860.00  2.49E-10
 2858.00  4.98E-10
 2856.00  0.00E+00
 2854.00  2.49E-10
 2852.00  0.00E+00
 2850.00  0.00E+00
 2848.00  0.00E+00
 2846.00  2.49E-10
 2844.00  0.00E+00
 2842.00  2.49E-10
 2840.00  0.00E+00
 2838.00  2.49E-10
 2836.00  9.95E-10
 2834.00  0.00E+00
 2832.00  2.49E-10
 2830.00  2.49E-10
 2828.00  2.49E-10
 2826.00  0.00E+00
 2824.00  2.49E-10
 2822.00  0.00E+00
 2820.00  0.00E+00
 2818.00  0.00E+00
 2816.00  0.00E+00
 2814.00  0.00E+00
 2812.00  0.00E+00
 2810.00  4.98E-10
 2808.00  2.49E-10
 2806.00  2.49E-10
 2804.00  2.49E-10
 2802.00  2.49E-10
 2800.00  2.49E-10
 2798.00  2.49E-10
 2796.00  2.49E-10
 2794.00  4.98E-10
 2792.00  2.49E-10
 2790.00  2.49E-10
 2788.00  4.98E-10
 2786.00  0.00E+00
 2784.00  0.00E+00
 2782.00  2.49E-10
 2780.00  2.49E-10
 2778.00  9.95E-10
 2776.00  0.00E+00
 2774.00  0.00E+00
 2772.00  4.98E-10
 2770.00  0.00E+00
 2768.00  2.49E-10
 2766.00  0.00E+00
 2764.00  4.98E-10
 2762.00  0.00E+00
 2760.00  0.00E+00
 2758.00  4.98E-10
 2756.00  4.98E-10
 2754.00  0.00E+00
 2752.00  2.49E-10
 2750.00  7.46E-10
 2748.00  2.49E-10
 2746.00  0.00E+00
 2744.00  0.00E+00
 2742.00  0.00E+00
 2740.00  4.98E-10
 2738.00  4.98E-10
 2736.00  4.98E-10
 2734.00  0.00E+00
 2732.00  2.49E-10
 2730.00  0.00E+00
 2728.00  2.49E-10
 2726.00  0.00E+00
 2724.00  2.49E-10
 2722.00  4.98E-10
 2720.00  2.49E-10
 2718.00  0.00E+00
 2716.00  2.49E-10
 2714.00  2.49E-10
 2712.00  4.98E-10
 2710.00  2.49E-10
 2708.00  0.00E+00
 2706.00  2.49E-10
 2704.00  7.46E-10
 2702.00  7.46E-10
 2700.00  2.49E-10
 2698.00  0.00E+00
 2696.00  2.49E-10
 2694.00  4.98E-10
 2692.00  4.98E-10
 2690.00  0.00E+00
 2688.00  2.49E-10
 2686.00  0.00E+00
 2684.00  4.98E-10
 2682.00  0.00E+00
 2680.00  2.49E-10
 2678.00  4.98E-10
 2676.00  2.49E-10
 2674.00  2.49E-10
 2672.00  9.95E-10
 2670.00  4.98E-10
 2668.00  2.49E-10
 2666.00  2.49E-10
 2664.00  4.98E-10
 2662.00  2.49E-10
 2660.00  0.00E+00
 2658.00  9.95E-10
 2656.00  2.49E-10
 2654.00  4.98E-10
 2652.00  2.49E-10
 2650.00  2.49E-10
 2648.00  7.46E-10
 2646.00  4.98E-10
 2644.00  2.49E-10
 2642.00  4.98E-10
 2640.00  2.49E-10
 2638.00  2.49E-10
 2636.00  2.49E-10
 2634.00  2.49E-10
 2632.00  9.95E-10
 2630.00  2.49E-10
 2628.00  2.49E-10
 2626.00  9.95E-10
 2624.00  7.46E-10
 2622.00  2.49E-10
 2620.00  4.98E-10
 2618.00  2.49E-10
 2616.00  4.98E-10
 2614.00  4.98E-10
 2612.00  2.49E-10
 2610.00  1.24E-09
 2608.00  0.00E+00
 2606.00  0.00E+00
 2604.00  2.49E-10
 2602.00  2.49E-10
 2600.00  2.49E-10
 2598.00  7.46E-10
 2596.00  7.46E-10
 2594.00  2.49E-10
 2592.00  4.98E-10
 2590.00  4.98E-10
 2588.00  2.49E-10
 2586.00  7.46E-10
 2584.00  7.46E-10
 2582.00  2.49E-10
 2580.00  2.49E-10
 2578.00  7.46E-10
 2576.00  9.95E-10
 2574.00  4.98E-10
 2572.00  0.00E+00
 2570.00  1.49E-09
 2568.00  7.46E-10
 2566.00  2.49E-10
 2564.00  9.95E-10
 2562.00  2.49E-10
 2560.00  2.49E-10
 2558.00  2.49E-10
 2556.00  4.98E-10
 2554.00  4.98E-10
 2552.00  9.95E-10
 2550.00  4.98E-10
 2548.00  7.46E-10
 2546.00  7.46E-10
 2544.00  4.98E-10
 2542.00  4.98E-10
 2540.00  2.49E-10
 2538.00  0.00E+00
 2536.00  9.95E-10
 2534.00  4.98E-10
 2532.00  7.46E-10
 2530.00  4.98E-10
 2528.00  0.00E+00
 2526.00  7.46E-10
 2524.00  1.74E-09
 2522.00  9.95E-10
 2520.00  2.49E-10
 2518.00  7.46E-10
 2516.00  7.46E-10
 2514.00  4.98E-10
 2512.00  9.95E-10
 2510.00  4.98E-10
 2508.00  1.49E-09
 2506.00  9.95E-10
 2504.00  4.98E-10
 2502.00  9.95E-10
 2500.00  4.98E-10
 2498.00  4.98E-10
 2496.00  7.46E-10
 2494.00  1.24E-09
 2492.00  9.95E-10
 2490.00  1.74E-09
 2488.00  9.95E-10
 2486.00  9.95E-10
 2484.00  4.98E-10
 2482.00  2.24E-09
 2480.00  2.49E-10
 2478.00  9.95E-10
 2476.00  7.46E-10
 2474.00  4.98E-10
 2472.00  7.46E-10
 2470.00  9.95E-10
 2468.00  9.95E-10
 2466.00  7.46E-10
 2464.00  7.46E-10
 2462.00  1.74E-09
 2460.00  2.24E-09
 2458.00  7.46E-10
 2456.00  4.98E-10
 2454.00  1.49E-09
 2452.00  7.46E-10
 2450.00  1.24E-09
 2448.00  1.49E-09
 2446.00  1.24E-09
 2444.00  9.95E-10
 2442.00  4.98E-10
 2440.00  7.46E-10
 2438.00  7.46E-10
 2436.00  2.24E-09
 2434.00  9.95E-10
 2432.00  4.98E-10
 2430.00  1.99E-09
 2428.00  2.49E-10
 2426.00  1.74E-09
 2424.00  1.49E-09
 2422.00  2.24E-09
 2420.00  1.74E-09
 2418.00  1.74E-09
 2416.00  7.46E-10
 2414.00  9.95E-10
 2412.00  1.49E-09
 2410.00  1.49E-09
 2408.00  9.95E-10
 2406.00  1.24E-09
 2404.00  9.95E-10
 2402.00  4.98E-10
 2400.00  9.95E-10
 2398.00  1.99E-09
 2396.00  1.74E-09
 2394.00  1.49E-09
 2392.00  9.95E-10
 2390.00  1.49E-09
 2388.00  7.46E-10
 2386.00  1.49E-09
 2384.00  1.74E-09
 2382.00  1.74E-09
 2380.00  1.99E-09
 2378.00  1.99E-09
 2376.00  1.24E-09
 2374.00  9.95E-10
 2372.00  1.24E-09
 2370.00  1.74E-09
 2368.00  1.74E-09
 2366.00  2.24E-09
 2364.00  1.24E-09
 2362.00  2.24E-09
 2360.00  1.99E-09
 2358.00  9.95E-10
 2356.00  2.24E-09
 2354.00  2.24E-09
 2352.00  3.48E-09
 2350.00  1.24E-09
 2348.00  7.46E-10
 2346.00  9.95E-10
 2344.00  1.99E-09
 2342.00  2.99E-09
 2340.00  9.95E-10
 2338.00  2.74E-09
 2336.00  1.49E-09
 2334.00  1.74E-09
 2332.00  2.24E-09
 2330.00  1.49E-09
 2328.00  1.24E-09
 2326.00  2.24E-09
 2324.00  2.24E-09
 2322.00  2.24E-09
 2320.00  1.99E-09
 2318.00  1.49E-09
 2316.00  1.99E-09
 2314.00  1.99E-09
 2312.00  2.49E-09
 2310.00  1.74E-09
 2308.00  1.74E-09
 2306.00  2.24E-09
 2304.00  1.49E-09
 2302.00  9.95E-10
 2300.00  1.74E-09
 2298.00  9.95E-10
 2296.00  2.49E-09
 2294.00  3.73E-09
 2292.00  2.74E-09
 2290.00  2.99E-09
 2288.00  1.99E-09
 2286.00  2.49E-09
 2284.00  2.24E-09
 2282.00  3.98E-09
 2280.00  1.49E-09
 2278.00  1.49E-09
 2276.00  1.49E-09
 2274.00  2.24E-09
 2272.00  3.23E-09
 2270.00  2.99E-09
 2268.00  1.74E-09
 2266.00  2.74E-09
 2264.00  3.23E-09
 2262.00  3.48E-09
 2260.00  4.23E-09
 2258.00  9.95E-10
 2256.00  4.73E-09
 2254.00  2.99E-09
 2252.00  2.99E-09
 2250.00  4.23E-09
 2248.00  4.23E-09
 2246.00  3.48E-09
 2244.00  4.48E-09
 2242.00  2.99E-09
 2240.00  4.73E-09
 2238.00  4.48E-09
 2236.00  1.49E-09
 2234.00  2.99E-09
 2232.00  3.98E-09
 2230.00  2.99E-09
 2228.00  4.98E-09
 2226.00  5.22E-09
 2224.00  4.98E-09
 2222.00  3.23E-09
 2220.00  2.99E-09
 2218.00  3.98E-09
 2216.00  3.73E-09
 2214.00  3.98E-09
 2212.00  5.22E-09
 2210.00  2.99E-09
 2208.00  3.98E-09
 2206.00  4.23E-09
 2204.00  2.24E-09
 2202.00  3.48E-09
 2200.00  2.49E-09
 2198.00  3.73E-09
 2196.00  2.24E-09
 2194.00  3.48E-09
 2192.00  3.73E-09
 2190.00  3.98E-09
 2188.00  3.73E-09
 2186.00  4.48E-09
 2184.00  4.98E-09
 2182.00  2.74E-09
 2180.00  2.99E-09
 2178.00  2.24E-09
 2176.00  4.23E-09
 2174.00  4.73E-09
 2172.00  2.74E-09
 2170.00  2.24E-09
 2168.00  3.98E-09
 2166.00  5.97E-09
 2164.00  5.22E-09
 2162.00  4.23E-09
 2160.00  4.48E-09
 2158.00  3.73E-09
 2156.00  5.47E-09
 2154.00  5.47E-09
 2152.00  7.21E-09
 2150.00  4.48E-09
 2148.00  4.98E-09
 2146.00  4.23E-09
 2144.00  4.73E-09
 2142.00  4.98E-09
 2140.00  5.97E-09
 2138.00  3.23E-09
 2136.00  5.72E-09
 2134.00  3.23E-09
 2132.00  4.48E-09
 2130.00  7.96E-09
 2128.00  5.72E-09
 2126.00  4.48E-09
 2124.00  5.22E-09
 2122.00  4.23E-09
 2120.00  5.47E-09
 2118.00  3.23E-09
 2116.00  4.98E-09
 2114.00  5.47E-09
 2112.00  2.74E-09
 2110.00  4.98E-09
 2108.00  3.98E-09
 2106.00  3.73E-09
 2104.00  4.23E-09
 2102.00  5.22E-09
 2100.00  7.71E-09
 2098.00  6.22E-09
 2096.00  7.21E-09
 2094.00  6.22E-09
 2092.00  5.22E-09
 2090.00  7.71E-09
 2088.00  5.22E-09
 2086.00  5.72E-09
 2084.00  6.97E-09
 2082.00  7.21E-09
 2080.00  5.22E-09
 2078.00  7.71E-09
 2076.00  8.46E-09
 2074.00  5.22E-09
 2072.00  8.46E-09
 2070.00  5.47E-09
 2068.00  7.46E-09
 2066.00  6.97E-09
 2064.00  8.71E-09
 2062.00  5.72E-09
 2060.00  6.97E-09
 2058.00  6.22E-09
 2056.00  8.21E-09
 2054.00  1.02E-08
 2052.00  8.46E-09
 2050.00  5.47E-09
 2048.00  5.97E-09
 2046.00  5.22E-09
 2044.00  9.95E-09
 2042.00  8.21E-09
 2040.00  7.21E-09
 2038.00  9.20E-09
 2036.00  5.22E-09
 2034.00  5.97E-09
 2032.00  7.46E-09
 2030.00  8.96E-09
 2028.00  6.97E-09
 2026.00  7.21E-09
 2024.00  7.96E-09
 2022.00  7.71E-09
 2020.00  5.72E-09
 2018.00  7.71E-09
 2016.00  6.97E-09
 2014.00  7.46E-09
 2012.00  9.20E-09
 2010.00  6.22E-09
 2008.00  6.22E-09
 2006.00  1.14E-08
 2004.00  7.96E-09
 2002.00  7.96E-09
 2000.00  9.20E-09
 1998.00  7.71E-09
 1996.00  8.96E-09
 1994.00  8.21E-09
 1992.00  8.21E-09
 1990.00  9.20E-09
 1988.00  8.96E-09
 1986.00  1.42E-08
 1984.00  9.95E-09
 1982.00  6.72E-09
 1980.00  1.09E-08
 1978.00  1.04E-08
 1976.00  9.95E-09
 1974.00  9.20E-09
 1972.00  1.17E-08
 1970.00  1.27E-08
 1968.00  1.27E-08
 1966.00  1.07E-08
 1964.00  1.34E-08
 1962.00  1.02E-08
 1960.00  7.46E-09
 1958.00  1.09E-08
 1956.00  8.71E-09
 1954.00  1.17E-08
 1952.00  1.02E-08
 1950.00  1.19E-08
 1948.00  1.24E-08
 1946.00  9.20E-09
 1944.00  8.21E-09
 1942.00  1.19E-08
 1940.00  1.22E-08
 1938.00  8.71E-09
 1936.00  1.22E-08
 1934.00  1.12E-08
 1932.00  1.37E-08
 1930.00  1.22E-08
 1928.00  1.37E-08
 1926.00  1.17E-08
 1924.00  1.32E-08
 1922.00  1.47E-08
 1920.00  1.09E-08
 1918.00  1.37E-08
 1916.00  1.19E-08
 1914.00  1.12E-08
 1912.00  1.39E-08
 1910.00  1.37E-08
 1908.00  1.44E-08
 1906.00  1.52E-08
 1904.00  1.24E-08
 1902.00  1.17E-08
 1900.00  1.39E-08
 1898.00  1.34E-08
 1896.00  1.44E-08
 1894.00  1.07E-08
 1892.00  1.42E-08
 1890.00  9.95E-09
 1888.00  1.69E-08
 1886.00  1.29E-08
 1884.00  1.44E-08
 1882.00  1.77E-08
 1880.00  1.47E-08
 1878.00  1.47E-08
 1876.00  1.39E-08
 1874.00  1.54E-08
 1872.00  1.67E-08
 1870.00  1.52E-08
 1868.00  1.37E-08
 1866.00  1.52E-08
 1864.00  1.52E-08
 1862.00  1.62E-08
 1860.00  1.42E-08
 1858.00  1.47E-08
 1856.00  1.67E-08
 1854.00  1.39E-08
 1852.00  1.59E-08
 1850.00  1.79E-08
 1848.00  1.89E-08
 1846.00  1.34E-08
 1844.00  1.52E-08
 1842.00  2.01E-08
 1840.00  1.79E-08
 1838.00  2.19E-08
 1836.00  1.97E-08
 1834.00  1.82E-08
 1832.00  2.14E-08
 1830.00  2.19E-08
 1828.00  1.89E-08
 1826.00  2.04E-08
 1824.00  2.14E-08
 1822.00  1.67E-08
 1820.00  1.87E-08
 1818.00  1.87E-08
 1816.00  1.64E-08
 1814.00  2.09E-08
 1812.00  2.11E-08
 1810.00  2.14E-08
 1808.00  2.19E-08
 1806.00  2.09E-08
 1804.00  1.57E-08
 1802.00  2.29E-08
 1800.00  1.92E-08
 1798.00  2.11E-08
 1796.00  2.09E-08
 1794.00  2.39E-08
 1792.00  2.21E-08
 1790.00  2.51E-08
 1788.00  2.19E-08
 1786.00  2.19E-08
 1784.00  2.54E-08
 1782.00  2.09E-08
 1780.00  2.41E-08
 1778.00  2.64E-08
 1776.00  2.91E-08
 1774.00  2.76E-08
 1772.00  2.89E-08
 1770.00  2.69E-08
 1768.00  2.21E-08
 1766.00  2.59E-08
 1764.00  2.56E-08
 1762.00  2.64E-08
 1760.00  3.01E-08
 1758.00  2.74E-08
 1756.00  2.89E-08
 1754.00  2.26E-08
 1752.00  2.29E-08
 1750.00  2.31E-08
 1748.00  2.74E-08
 1746.00  2.41E-08
 1744.00  3.16E-08
 1742.00  2.76E-08
 1740.00  2.46E-08
 1738.00  3.08E-08
 1736.00  3.48E-08
 1734.00  3.01E-08
 1732.00  2.89E-08
 1730.00  3.01E-08
 1728.00  2.96E-08
 1726.00  3.61E-08
 1724.00  3.23E-08
 1722.00  3.26E-08
 1720.00  3.06E-08
 1718.00  3.21E-08
 1716.00  3.81E-08
 1714.00  3.13E-08
 1712.00  3.03E-08
 1710.00  3.51E-08
 1708.00  3.83E-08
 1706.00  3.68E-08
 1704.00  3.08E-08
 1702.00  3.86E-08
 1700.00  4.13E-08
 1698.00  4.53E-08
 1696.00  3.48E-08
 1694.00  3.78E-08
 1692.00  5.05E-08
 1690.00  4.23E-08
 1688.00  3.71E-08
 1686.00  4.25E-08
 1684.00  4.38E-08
 1682.00  4.48E-08
 1680.00  4.33E-08
 1678.00  4.38E-08
 1676.00  4.45E-08
 1674.00  4.95E-08
 1672.00  4.58E-08
 1670.00  4.45E-08
 1668.00  5.32E-08
 1666.00  4.85E-08
 1664.00  4.88E-08
 1662.00  5.07E-08
 1660.00  4.58E-08
 1658.00  5.17E-08
 1656.00  5.52E-08
 1654.00  5.67E-08
 1652.00  5.27E-08
 1650.00  4.90E-08
 1648.00  6.00E-08
 1646.00  5.50E-08
 1644.00  5.95E-08
 1642.00  5.90E-08
 1640.00  5.30E-08
 1638.00  5.95E-08
 1636.00  5.87E-08
 1634.00  5.95E-08
 1632.00  5.85E-08
 1630.00  6.59E-08
 1628.00  6.54E-08
 1626.00  5.80E-08
 1624.00  6.12E-08
 1622.00  6.79E-08
 1620.00  6.02E-08
 1618.00  6.89E-08
 1616.00  7.26E-08
 1614.00  7.19E-08
 1612.00  6.99E-08
 1610.00  7.21E-08
 1608.00  7.19E-08
 1606.00  7.29E-08
 1604.00  8.28E-08
 1602.00  8.08E-08
 1600.00  8.28E-08
 1598.00  8.31E-08
 1596.00  7.39E-08
 1594.00  8.36E-08
 1592.00  8.43E-08
 1590.00  8.06E-08
 1588.00  8.71E-08
 1586.00  9.83E-08
 1584.00  8.76E-08
 1582.00  8.61E-08
 1580.00  9.58E-08
 1578.00  9.15E-08
 1576.00  9.25E-08
 1574.00  8.76E-08
 1572.00  1.04E-07
 1570.00  1.01E-07
 1568.00  1.02E-07
 1566.00  1.00E-07
 1564.00  1.04E-07
 1562.00  9.73E-08
 1560.00  1.06E-07
 1558.00  1.11E-07
 1556.00  1.13E-07
 1554.00  1.10E-07
 1552.00  1.08E-07
 1550.00  1.19E-07
 1548.00  1.20E-07
 1546.00  1.20E-07
 1544.00  1.25E-07
 1542.00  1.16E-07
 1540.00  1.29E-07
 1538.00  1.33E-07
 1536.00  1.29E-07
 1534.00  1.20E-07
 1532.00  1.44E-07
 1530.00  1.33E-07
 1528.00  1.31E-07
 1526.00  1.40E-07
 1524.00  1.48E-07
 1522.00  1.67E-07
 1520.00  1.51E-07
 1518.00  1.55E-07
 1516.00  1.55E-07
 1514.00  1.67E-07
 1512.00  1.55E-07
 1510.00  1.59E-07
 1508.00  1.73E-07
 1506.00  1.65E-07
 1504.00  1.74E-07
 1502.00  1.71E-07
 1500.00  1.73E-07
 1498.00  1.79E-07
 1496.00  1.82E-07
 1494.00  1.92E-07
 1492.00  1.89E-07
 1490.00  2.01E-07
 1488.00  2.00E-07
 1486.00  1.91E-07
 1484.00  2.01E-07
 1482.00  2.08E-07
 1480.00  2.07E-07
 1478.00  2.18E-07
 1476.00  2.10E-07
 1474.00  2.32E-07
 1472.00  2.17E-07
 1470.00  2.35E-07
 1468.00  2.41E-07
 1466.00  2.29E-07
 1464.00  2.24E-07
 1462.00  2.41E-07
 1460.00  2.45E-07
 1458.00  2.40E-07
 1456.00  2.50E-07
 1454.00  2.63E-07
 1452.00  2.61E-07
 1450.00  2.93E-07
 1448.00  2.82E-07
 1446.00  2.82E-07
 1444.00  2.95E-07
 1442.00  2.89E-07
 1440.00  2.89E-07
 1438.00  3.17E-07
 1436.00  3.13E-07
 1434.00  3.07E-07
 1432.00  3.15E-07
 1430.00  3.24E-07
 1428.00  3.33E-07
 1426.00  3.41E-07
 1424.00  3.34E-07
 1422.00  3.42E-07
 1420.00  3.44E-07
 1418.00  3.63E-07
 1416.00  3.76E-07
 1414.00  3.52E-07
 1412.00  3.65E-07
 1410.00  3.84E-07
 1408.00  3.90E-07
 1406.00  3.87E-07
 1404.00  4.19E-07
 1402.00  4.07E-07
 1400.00  4.03E-07
 1398.00  4.37E-07
 1396.00  4.31E-07
 1394.00  4.44E-07
 1392.00  4.56E-07
 1390.00  4.63E-07
 1388.00  4.60E-07
 1386.00  4.85E-07
 1384.00  4.83E-07
 1382.00  4.91E-07
 1380.00  5.01E-07
 1378.00  5.18E-07
 1376.00  5.17E-07
 1374.00  5.13E-07
 1372.00  5.48E-07
 1370.00  5.52E-07
 1368.00  5.50E-07
 1366.00  5.40E-07
 1364.00  5.59E-07
 1362.00  5.92E-07
 1360.00  5.82E-07
 1358.00  5.94E-07
 1356.00  5.98E-07
 1354.00  6.06E-07
 1352.00  6.57E-07
 1350.00  6.52E-07
 1348.00  6.42E-07
 1346.00  6.58E-07
 1344.00  6.45E-07
 1342.00  6.83E-07
 1340.00  6.89E-07
 1338.00  7.28E-07
 1336.00  7.32E-07
 1334.00  7.61E-07
 1332.00  7.34E-07
 1330.00  7.57E-07
 1328.00  7.53E-07
 1326.00  7.89E-07
 1324.00  7.94E-07
 1322.00  8.12E-07
 1320.00  8.65E-07
 1318.00  8.32E-07
 1316.00  8.74E-07
 1314.00  8.89E-07
 1312.00  8.63E-07
 1310.00  9.11E-07
 1308.00  9.31E-07
 1306.00  9.51E-07
 1304.00  9.60E-07
 1302.00  9.81E-07
 1300.00  1.00E-06
 1298.00  1.01E-06
 1296.00  1.00E-06
 1294.00  1.02E-06
 1292.00  1.10E-06
 1290.00  1.12E-06
 1288.00  1.10E-06
 1286.00  1.11E-06
 1284.00  1.13E-06
 1282.00  1.14E-06
 1280.00  1.14E-06
 1278.00  1.20E-06
 1276.00  1.24E-06
 1274.00  1.22E-06
 1272.00  1.24E-06
 1270.00  1.25E-06
 1268.00  1.26E-06
 1266.00  1.30E-06
 1264.00  1.35E-06
 1262.00  1.36E-06
 1260.00  1.36E-06
 1258.00  1.41E-06
 1256.00  1.43E-06
 1254.00  1.46E-06
 1252.00  1.47E-06
 1250.00  1.52E-06
 1248.00  1.51E-06
 1246.00  1.54E-06
 1244.00  1.59E-06
 1242.00  1.60E-06
 1240.00  1.64E-06
 1238.00  1.67E-06
 1236.00  1.72E-06
 1234.00  1.71E-06
 1232.00  1.75E-06
 1230.00  1.78E-06
 1228.00  1.82E-06
 1226.00  1.81E-06
 1224.00  1.83E-06
 1222.00  1.89E-06
 1220.00  1.94E-06
 1218.00  1.93E-06
 1216.00  1.98E-06
 1214.00  1.98E-06
 1212.00  2.02E-06
 1210.00  2.05E-06
 1208.00  2.12E-06
 1206.00  2.13E-06
 1204.00  2.14E-06
 1202.00  2.23E-06
 1200.00  2.22E-06
 1198.00  2.26E-06
 1196.00  2.33E-06
 1194.00  2.37E-06
 1192.00  2.42E-06
 1190.00  2.45E-06
 1188.00  2.42E-06
 1186.00  2.53E-06
 1184.00  2.52E-06
 1182.00  2.50E-06
 1180.00  2.64E-06
 1178.00  2.71E-06
 1176.00  2.68E-06
 1174.00  2.74E-06
 1172.00  2.80E-06
 1170.00  2.83E-06
 1168.00  2.86E-06
 1166.00  2.91E-06
 1164.00  2.96E-06
 1162.00  2.97E-06
 1160.00  3.05E-06
 1158.00  3.05E-06
 1156.00  3.15E-06
 1154.00  3.18E-06
 1152.00  3.23E-06
 1150.00  3.27E-06
 1148.00  3.31E-06
 1146.00  3.34E-06
 1144.00  3.40E-06
 1142.00  3.49E-06
 1140.00  3.52E-06
 1138.00  3.59E-06
 1136.00  3.63E-06
 1134.00  3.75E-06
 1132.00  3.73E-06
 1130.00  3.86E-06
 1128.00  3.82E-06
 1126.00  3.88E-06
 1124.00  3.98E-06
 1122.00  4.02E-06
 1120.00  4.02E-06
 1118.00  4.09E-06
 1116.00  4.17E-06
 1114.00  4.25E-06
 1112.00  4.26E-06
 1110.00  4.32E-06
 1108.00  4.39E-06
 1106.00  4.44E-06
 1104.00  4.48E-06
 1102.00  4.61E-06
 1100.00  4.72E-06
 1098.00  4.71E-06
 1096.00  4.79E-06
 1094.00  4.89E-06
 1092.00  4.93E-06
 1090.00  5.07E-06
 1088.00  5.04E-06
 1086.00  5.14E-06
 1084.00  5.22E-06
 1082.00  5.26E-06
 1080.00  5.36E-06
 1078.00  5.46E-06
 1076.00  5.55E-06
 1074.00  5.54E-06
 1072.00  5.69E-06
 1070.00  5.74E-06
 1068.00  5.79E-06
 1066.00  5.89E-06
 1064.00  5.98E-06
 1062.00  6.00E-06
 1060.00  6.06E-06
 1058.00  6.18E-06
 1056.00  6.38E-06
 1054.00  6.34E-06
 1052.00  6.52E-06
 1050.00  6.61E-06
 1048.00  6.68E-06
 1046.00  6.78E-06
 1044.00  6.83E-06
 1042.00  6.95E-06
 1040.00  6.99E-06
 1038.00  7.10E-06
 1036.00  7.21E-06
 1034.00  7.29E-06
 1032.00  7.41E-06
 1030.00  7.47E-06
 1028.00  7.55E-06
 1026.00  7.70E-06
 1024.00  7.71E-06
 1022.00  7.86E-06
 1020.00  7.99E-06
 1018.00  8.02E-06
 1016.00  8.17E-06
 1014.00  8.27E-06
 1012.00  8.48E-06
 1010.00  8.47E-06
 1008.00  8.69E-06
 1006.00  8.79E-06
 1004.00  9.01E-06
 1002.00  9.07E-06
 1000.00  9.07E-06
  998.00  9.29E-06
  996.00  9.43E-06
  994.00  9.59E-06
  992.00  9.66E-06
  990.00  9.80E-06
  988.00  1.00E-05
  986.00  1.01E-05
  984.00  1.02E-05
  982.00  1.04E-05
  980.00  1.06E-05
  978.00  1.07E-05
  976.00  1.08E-05
  974.00  1.09E-05
  972.00  1.11E-05
  970.00  1.12E-05
  968.00  1.14E-05
  966.00  1.16E-05
  964.00  1.17E-05
  962.00  1.19E-05
  960.00  1.21E-05
  958.00  1.23E-05
  956.00  1.23E-05
  954.00  1.26E-05
  952.00  1.27E-05
  950.00  1.28E-05
  948.00  1.31E-05
  946.00  1.32E-05
  944.00  1.34E-05
  942.00  1.35E-05
  940.00  1.37E-05
  938.00  1.39E-05
  936.00  1.43E-05
  934.00  1.44E-05
  932.00  1.45E-05
  930.00  1.48E-05
  928.00  1.50E-05
  926.00  1.51E-05
  924.00  1.54E-05
  922.00  1.56E-05
  920.00  1.59E-05
  918.00  1.60E-05
  916.00  1.62E-05
  914.00  1.66E-05
  912.00  1.67E-05
  910.00  1.69E-05
  908.00  1.70E-05
  906.00  1.75E-05
  904.00  1.77E-05
  902.00  1.80E-05
  900.00  1.82E-05
  898.00  1.84E-05
  896.00  1.86E-05
  894.00  1.89E-05
  892.00  1.92E-05
  890.00  1.95E-05
  888.00  1.97E-05
  886.00  2.00E-05
  884.00  2.02E-05
  882.00  2.05E-05
  880.00  2.07E-05
  878.00  2.12E-05
  876.00  2.15E-05
  874.00  2.16E-05
  872.00  2.20E-05
  870.00  2.23E-05
  868.00  2.25E-05
  866.00  2.29E-05
  864.00  2.33E-05
  862.00  2.36E-05
  860.00  2.39E-05
  858.00  2.43E-05
  856.00  2.47E-05
  854.00  2.51E-05
  852.00  2.54E-05
  850.00  2.58E-05
  848.00  2.60E-05
  846.00  2.66E-05
  844.00  2.70E-05
  842.00  2.71E-05
  840.00  2.75E-05
  838.00  2.79E-05
  836.00  2.84E-05
  834.00  2.88E-05
  832.00  2.91E-05
  830.00  2.98E-05
  828.00  3.01E-05
  826.00  3.04E-05
  824.00  3.07E-05
  822.00  3.11E-05
  820.00  3.18E-05
  818.00  3.25E-05
  816.00  3.27E-05
  814.00  3.34E-05
  812.00  3.37E-05
  810.00  3.40E-05
  808.00  3.48E-05
  806.00  3.52E-05
  804.00  3.58E-05
  802.00  3.61E-05
  800.00  3.66E-05
  798.00  3.72E-05
  796.00  3.76E-05
  794.00  3.83E-05
  792.00  3.87E-05
  790.00  3.94E-05
  788.00  3.97E-05
  786.00  4.04E-05
  784.00  4.09E-05
  782.00  4.15E-05
  780.00  4.23E-05
  778.00  4.29E-05
  776.00  4.36E-05
  774.00  4.41E-05
  772.00  4.48E-05
  770.00  4.54E-05
  768.00  4.60E-05
  766.00  4.67E-05
  764.00  4.72E-05
  762.00  4.80E-05
  760.00  4.90E-05
  758.00  4.97E-05
  756.00  5.04E-05
  754.00  5.07E-05
  752.00  5.18E-05
  750.00  5.23E-05
  748.00  5.34E-05
  746.00  5.42E-05
  744.00  5.50E-05
  742.00  5.59E-05
  740.00  5.64E-05
  738.00  5.74E-05
  736.00  5.80E-05
  734.00  5.91E-05
  732.00  5.98E-05
  730.00  6.08E-05
  728.00  6.20E-05
  726.00  6.27E-05
  724.00  6.36E-05
  722.00  6.46E-05
  720.00  6.58E-05
  718.00  6.65E-05
  716.00  6.76E-05
  714.00  6.84E-05
  712.00  6.96E-05
  710.00  7.07E-05
  708.00  7.16E-05
  706.00  7.29E-05
  704.00  7.38E-05
  702.00  7.50E-05
  700.00  7.63E-05
  698.00  7.73E-05
  696.00  7.85E-05
  694.00  7.98E-05
  692.00  8.11E-05
  690.00  8.22E-05
  688.00  8.38E-05
  686.00  8.48E-05
  684.00  8.61E-05
  682.00  8.77E-05
  680.00  8.89E-05
  678.00  9.02E-05
  676.00  9.17E-05
  674.00  9.31E-05
  672.00  9.48E-05
  670.00  9.65E-05
  668.00  9.79E-05
  666.00  9.93E-05
  664.00  1.01E-04
  662.00  1.02E-04
  660.00  1.04E-04
  658.00  1.06E-04
  656.00  1.08E-04
  654.00  1.09E-04
  652.00  1.11E-04
  650.00  1.13E-04
  648.00  1.15E-04
  646.00  1.17E-04
  644.00  1.19E-04
  642.00  1.20E-04
  640.00  1.22E-04
  638.00  1.25E-04
  636.00  1.27E-04
  634.00  1.28E-04
  632.00  1.31E-04
  630.00  1.33E-04
  628.00  1.36E-04
  626.00  1.38E-04
  624.00  1.40E-04
  622.00  1.43E-04
  620.00  1.45E-04
  618.00  1.48E-04
  616.00  1.50E-04
  614.00  1.52E-04
  612.00  1.55E-04
  610.00  1.57E-04
  608.00  1.60E-04
  606.00  1.62E-04
  604.00  1.65E-04
  602.00  1.68E-04
  600.00  1.72E-04
  598.00  1.74E-04
  596.00  1.77E-04
  594.00  1.80E-04
  592.00  1.84E-04
  590.00  1.87E-04
  588.00  1.91E-04
  586.00  1.95E-04
  584.00  1.98E-04
  582.00  2.01E-04
  580.00  2.05E-04
  578.00  2.09E-04
  576.00  2.13E-04
  574.00  2.16E-04
  572.00  2.20E-04
  570.00  2.24E-04
  568.00  2.30E-04
  566.00  2.33E-04
  564.00  2.37E-04
  562.00  2.41E-04
  560.00  2.46E-04
  558.00  2.51E-04
  556.00  2.56E-04
  554.00  2.61E-04
  552.00  2.66E-04
  550.00  2.71E-04
  548.00  2.77E-04
  546.00  2.82E-04
  544.00  2.87E-04
  542.00  2.93E-04
  540.00  3.00E-04
  538.00  3.06E-04
  536.00  3.12E-04
  534.00  3.18E-04
  532.00  3.25E-04
  530.00  3.32E-04
  528.00  3.38E-04
  526.00  3.46E-04
  524.00  3.53E-04
  522.00  3.59E-04
  520.00  3.68E-04
  518.00  3.75E-04
  516.00  3.83E-04
  514.00  3.91E-04
  512.00  4.00E-04
  510.00  4.08E-04
  508.00  4.18E-04
  506.00  4.27E-04
  504.00  4.35E-04
  502.00  4.45E-04
  500.00  4.55E-04
  498.00  4.65E-04
  496.00  4.76E-04
  494.00  4.86E-04
  492.00  4.97E-04
  490.00  5.10E-04
  488.00  5.22E-04
  486.00  5.33E-04
  484.00  5.45E-04
  482.00  5.57E-04
  480.00  5.71E-04
  478.00  5.86E-04
  476.00  6.00E-04
  474.00  6.14E-04
  472.00  6.29E-04
  470.00  6.44E-04
  468.00  6.62E-04
  466.00  6.79E-04
  464.00  6.95E-04
  462.00  7.12E-04
  460.00  7.31E-04
  458.00  7.51E-04
  456.00  7.70E-04
  454.00  7.90E-04
  452.00  8.11E-04
  450.00  8.34E-04
  448.00  8.57E-04
  446.00  8.79E-04
  444.00  9.02E-04
  442.00  9.27E-04
  440.00  9.54E-04
  438.00  9.82E-04
  436.00  1.01E-03
  434.00  1.04E-03
  432.00  1.07E-03
  430.00  1.10E-03
  428.00  1.14E-03
  426.00  1.17E-03
  424.00  1.20E-03
  422.00  1.23E-03
  420.00  1.28E-03
  418.00  1.32E-03
  416.00  1.36E-03
  414.00  1.40E-03
  412.00  1.45E-03
  410.00  1.50E-03
  408.00  1.55E-03
  406.00  1.60E-03
  404.00  1.65E-03
  402.00  1.71E-03
  400.00  1.78E-03
  398.00  1.85E-03
  396.00  1.91E-03
  394.00  1.98E-03
  392.00  2.05E-03
  390.00  2.13E-03
  388.00  2.22E-03
  386.00  2.30E-03
  384.00  2.38E-03
  382.00  2.48E-03
  380.00  2.60E-03
  378.00  2.71E-03
  376.00  2.82E-03
  374.00  2.92E-03
  372.00  3.05E-03
  370.00  3.20E-03
  368.00  3.36E-03
  366.00  3.49E-03
  364.00  3.62E-03
  362.00  3.76E-03
  360.00  3.89E-03
  358.00  3.98E-03
  356.00  3.96E-03
  354.00  3.83E-03
  352.00  3.61E-03
  350.00  3.29E-03
  348.00  2.83E-03
  346.00  2.33E-03
  344.00  2.02E-03
  342.00  1.89E-03
  340.00  1.85E-03
  338.00  1.72E-03
  336.00  9.92E-04
  334.00  1.29E-04
  332.00  0.00E+00
  330.00  0.00E+00
  328.00  0.00E+00
  326.00  0.00E+00
  324.00  0.00E+00
  322.00  0.00E+00
  320.00  0.00E+00
  318.00  0.00E+00
  316.00  0.00E+00
  314.00  0.00E+00
  312.00  0.00E+00
  310.00  0.00E+00
  308.00  0.00E+00
  306.00  0.00E+00
  304.00  0.00E+00
  302.00  0.00E+00
  300.00  0.00E+00
  298.00  0.00E+00
  296.00  0.00E+00
  294.00  0.00E+00
  292.00  0.00E+00
  290.00  0.00E+00
  288.00  0.00E+00
  286.00  0.00E+00
  284.00  0.00E+00
  282.00  0.00E+00
  280.00  0.00E+00
  278.00  0.00E+00
  276.00  0.00E+00
  274.00  0.00E+00
  272.00  0.00E+00
  270.00  0.00E+00
  268.00  0.00E+00
  266.00  0.00E+00
  264.00  0.00E+00
  262.00  0.00E+00
  260.00  0.00E+00
  258.00  0.00E+00
  256.00  0.00E+00
  254.00  0.00E+00
  252.00  0.00E+00
  250.00  0.00E+00
  248.00  0.00E+00
  246.00  0.00E+00
  244.00  0.00E+00
  242.00  0.00E+00
  240.00  0.00E+00
  238.00  0.00E+00
  236.00  0.00E+00
  234.00  0.00E+00
  232.00  0.00E+00
  230.00  0.00E+00
  228.00  0.00E+00
  226.00  0.00E+00
  224.00  0.00E+00
  222.00  0.00E+00
  220.00  0.00E+00
  218.00  0.00E+00
  216.00  0.00E+00
  214.00  0.00E+00
  212.00  0.00E+00
  210.00  0.00E+00
  208.00  0.00E+00
  206.00  0.00E+00
  204.00  0.00E+00
  202.00  0.00E+00
  200.00  0.00E+00
  198.00  0.00E+00
  196.00  0.00E+00
  194.00  0.00E+00
  192.00  0.00E+00
  190.00  0.00E+00
  188.00  0.00E+00
  186.00  0.00E+00
  184.00  0.00E+00
  182.00  0.00E+00
  180.00  0.00E+00
  178.00  0.00E+00
  176.00  0.00E+00
  174.00  0.00E+00
  172.00  0.00E+00
  170.00  0.00E+00
  168.00  0.00E+00
  166.00  0.00E+00
  164.00  0.00E+00
  162.00  0.00E+00
  160.00  0.00E+00
  158.00  0.00E+00
  156.00  0.00E+00
  154.00  0.00E+00
  152.00  0.00E+00
  150.00  0.00E+00
  148.00  0.00E+00
  146.00  0.00E+00
  144.00  0.00E+00
  142.00  0.00E+00
  140.00  0.00E+00
  138.00  0.00E+00
  136.00  0.00E+00
  134.00  0.00E+00
  132.00  0.00E+00
  130.00  0.00E+00
  128.00  0.00E+00
  126.00  0.00E+00
  124.00  0.00E+00
  122.00  0.00E+00
  120.00  0.00E+00
  118.00  0.00E+00
  116.00  0.00E+00
  114.00  0.00E+00
  112.00  0.00E+00
  110.00  0.00E+00
  108.00  0.00E+00
  106.00  0.00E+00
  104.00  0.00E+00
  102.00  0.00E+00
  100.00  0.00E+00
   98.00  0.00E+00
   96.00  0.00E+00
   94.00  0.00E+00
   92.00  0.00E+00
   90.00  0.00E+00
   88.00  0.00E+00
   86.00  0.00E+00
   84.00  0.00E+00
   82.00  0.00E+00
   80.00  0.00E+00
   78.00  0.00E+00
   76.00  0.00E+00
   74.00  0.00E+00
   72.00  0.00E+00
   70.00  0.00E+00
   68.00  0.00E+00
   66.00  0.00E+00
   64.00  0.00E+00
   62.00  0.00E+00
   60.00  0.00E+00
   58.00  0.00E+00
   56.00  0.00E+00
   54.00  0.00E+00
   52.00  0.00E+00
   50.00  0.00E+00
   48.00  0.00E+00
   46.00  0.00E+00
   44.00  0.00E+00
   42.00  0.00E+00
   40.00  0.00E+00
   38.00  0.00E+00
   36.00  0.00E+00
   34.00  0.00E+00
   32.00  0.00E+00
   30.00  0.00E+00
   28.00  0.00E+00
   26.00  0.00E+00
   24.00  0.00E+00
   22.00  0.00E+00
   20.00  0.00E+00
   18.00  0.00E+00
   16.00  0.00E+00
   14.00  0.00E+00
   12.00  0.00E+00
   10.00  0.00E+00
    8.00  0.00E+00
    6.00  0.00E+00
    4.00  0.00E+00
    2.00  0.00E+00
    0.00  0.00E+00
   -2.00  0.00E+00
   -4.00  0.00E+00
   -6.00  0.00E+00
   -8.00  0.00E+00
  -10.00  0.00E+00
  -12.00  0.00E+00
  -14.00  0.00E+00
  -16.00  0.00E+00
  -18.00  0.00E+00
  -20.00  0.00E+00
  -22.00  0.00E+00
  -24.00  0.00E+00
  -26.00  0.00E+00
  -28.00  0.00E+00
  -30.00  0.00E+00
  -32.00  0.00E+00
  -34.00  0.00E+00
  -36.00  0.00E+00
  -38.00  0.00E+00
  -40.00  0.00E+00
  -42.00  0.00E+00
  -44.00  0.00E+00
  -46.00  0.00E+00
  -48.00  0.00E+00
  -50.00  0.00E+00
  -52.00  0.00E+00
  -54.00  0.00E+00
  -56.00  0.00E+00
  -58.00  0.00E+00
  -60.00  0.00E+00
  -62.00  0.00E+00
  -64.00  0.00E+00
  -66.00  0.00E+00
  -68.00  0.00E+00
  -70.00  0.00E+00
  -72.00  0.00E+00
  -74.00  0.00E+00
  -76.00  0.00E+00
  -78.00  0.00E+00
  -80.00  0.00E+00
  -82.00  0.00E+00
  -84.00  0.00E+00
  -86.00  0.00E+00
  -88.00  0.00E+00
